#x y
1.1883543564004726 0.6718915283410845
1.1545942311854802 0.3882787586069384
0.29336603063840827 1.1938121057116309
1.141375323289407 1.4450072511308374
1.2643195737680781 0.42267660964223763
1.0676446682358451 1.0108853338415906
0.6663831478131887 1.2967009827206433
0.9928167733107643 0.6415295112276203
1.940548362098231 0.6680619622443114
0.15776276176298487 0.958193453250352
1.621667847090565 0.4068091477811835
0.9163952749526496 1.430718998914888
1.880361900612158 0.9639665529988317
1.2115005065068167 0.9080576798147416
1.3437360797174138 0.16158208222906545
1.0109899393654764 1.1630553083917685
0.06616220132756179 1.1736267690882582
1.0611561377469096 1.0740686958927508
1.7782004286494653 0.3772323057909659
0.9978894894855892 1.0245002100349656
1.6199267399926787 0.9481774521061535
1.0000022022458954 0.9999870100753824
0.45865274868859407 0.21823850973538017
0.5313629459563343 0.6337453045275137
1.12356761875616 1.2243472782058078
0.5808966683176603 1.8502075746876316
1.9382061774862875 0.9426223281041779
0.8858541895742854 1.4311250538597735
0.4149526007258598 0.5211662416886892
1.0567051738106505 0.6127475984308511
0.9044981814015984 0.4905261963656583
0.8742263871598928 0.886734792873178
1.6527301254818567 1.0870179653935876
1.4566068261046805 1.604097781603671
1.382420621700558 0.6765091910806481
0.9864417494274969 0.7086702782841267
1.1739204630366107 1.2289834114949225
0.30869940510797345 1.331359089669375
1.7404655707163883 0.8063318690717608
1.2617440918536782 0.48982663842031504
1.789457754814249 1.0493088989518016
0.4282488603531919 0.8065049411268197
0.8848664361685714 1.143025840187691
0.7087012324201344 1.3640563446664986
1.1981465483437617 1.1276900935597576
0.523618605644322 0.8226671052337203
0.8525992225684618 0.9040441784009656
0.7342475397315296 0.9701875795563943
1.052035351914432 0.8170136980935372
0.6729524943609533 0.39115800289665204
0.8184311715476142 0.38407536416837396
0.44858398939010047 1.6862179811107094
1.3196045403342571 0.3718903063624295
0.7389602688847953 1.8902277355563237
0.9835358844781681 0.46938343490149925
0.4951346169866637 0.36365956845038394
0.5171932853511987 1.470791817693622
0.5748583704085719 0.9733762223514372
1.0152073360850338 0.9580015495873395
0.054639694193728605 1.1914689624744086
1.0283730581936976 0.9787184154870621
0.4531967070834264 0.5752546550424196
0.6312434291616513 1.8885450025483976
0.8797193438074775 1.4001055023203868
0.8976697692716802 0.8526290261537737
1.277276165921477 1.8725925612466403
1.5544357738554981 1.1029142833223133
1.3765864296540606 1.188759645549122
1.1757514286597408 1.0835301428446713
1.024371083020742 1.0860186825980138
0.9664919678575717 0.4464023260084421
0.4298679878301811 0.7939132314339525
1.3950165152574772 0.566895984386105
0.7462808771068739 0.7574022863489897
0.9251203476177753 1.0281545399828511
1.3338477962190525 1.3464483698320269
1.3927722731233492 0.16234720626336396
0.6624979225081492 0.72854335419466
0.4080785075966381 1.4214194069516053
0.4862499222235034 1.7778975123005938
1.27058798659568 1.9036501888424087
0.5025600295524408 0.7384318667172927
1.3577160300635114 1.1962378177490869
1.501484867213576 0.22292676657201904
0.14803215191765184 0.6448899880070789
1.2221431591729353 1.0810498205640195
1.0067944044106856 0.9764729939669018
0.7223662619176086 1.6706342690678004
1.383465410204212 1.2092644396011814
0.44982277267212045 0.6199198194024145
1.9728422678013602 1.1473147144166078
1.1729906084120965 1.0481971460730837
1.2844786849476155 1.1988169454858637
1.0425527686310463 0.9167959038558529
0.9517113541428261 1.4982060512801347
1.4020581393171696 1.151904811509695
0.24225898209308494 0.7919705448482303
0.9120389329211016 0.9013068927278475
1.4121925699737046 1.82068992443114
0.7256715980792037 0.970496463406819
0.4186115159212377 0.7839623979551406
0.05618402044630699 0.6804074507186113
1.9455767794927488 0.9978414302365014
0.5638350887770699 1.0347435698341962
1.2244851979637494 0.43396576365016104
0.5195519015746777 0.8190754556842865
0.9530033205042675 0.9522478501562641
0.9639902898324116 1.1551429911935664
0.349305532178961 1.1766077345092587
1.0997639855755472 0.7607988304123858
0.6537091319610259 1.345032224893354
0.7442270964210679 0.6427360029540262
1.2539338155610333 0.9022143163190716
0.4888991095976104 1.1224584072471473
1.4029438576935513 1.0318203477464685
0.9384184484028837 0.7300013630702669
1.5781115910774 0.683145457715872
1.3425458935083205 0.3979347677164865
0.2911022338646898 0.6613293375683935
0.4811903344653792 1.0490525027015354
0.9033346592006322 1.3435799533651787
0.9237985235209727 1.3434508249119625
0.35121950198002916 0.397352210547265
0.14275479439393424 1.3856968472092157
1.0036681474468645 1.0329568887866174
0.7756811092939867 0.29858180908373655
0.9834702588426412 0.9773805371982576
0.9318535179459924 1.0521833489757242
0.7505212530853833 0.5962485509033737
1.215498356260683 0.219020795163404
1.1061176867779516 1.7724022054154425
0.649355630392279 0.86171309531145
0.9580291570787578 1.0633916091992734
0.7801175650505147 0.9881066530667737
1.880413393145042 1.3180996988436071
0.24678487801854687 0.5727791962250666
0.8593696620154118 0.7267681412903371
1.242629487941557 1.0795629138923934
1.298800800871407 0.6517720260508661
1.1992893181713953 0.8027210064339734
1.7812095949401314 0.8871755464361861
0.9565568204252113 0.8534603879940407
1.3509970560835554 0.558038150578636
0.7040003870213493 1.7289730274523492
0.778807851616138 0.8392138921757871
0.32595194983050646 0.2853662918419907
0.9969705081497016 1.371761009833418
0.38083596681649035 0.8349284993322565
0.7963108458222175 0.5246201867853103
0.18543252990271353 1.4603020184550428
1.2559889341126245 1.0943469909593493
0.9888788887646238 0.8645513879275908
0.9017309269728603 1.2856336736676304
1.2052768844859292 0.2445026103481307
0.4098221456019391 1.025013549054616
1.9112698121096283 0.6433255092163404
0.12928518522760568 1.0158105577162304
1.0043981275426286 1.015347787427262
0.37632158813354266 1.168066106931695
0.8998804592437879 0.4060546535078451
1.3775381245957645 0.4296523064847664
1.186435201463587 0.8416719812817358
0.8210424140907698 1.4947457662977883
0.8689376704598275 1.785524966582373
0.3915442903632004 1.632556183425966
0.9982791273832959 1.1074554013009708
0.4577686684085589 1.7900962990609826
0.981452786067068 0.9258463236542276
1.6323770319714916 1.2983135211900851
0.5079055705878885 0.6360765027615617
1.1686441365869986 1.097001620833997
0.8507117716477237 1.0089044486509162
0.9421938301679931 0.9453699761101141
1.5768021661094322 0.4807731218944514
1.0443900991462527 0.05613958460724677
0.4400760932183485 0.3579030374210017
1.6587365685449003 1.0407666398859194
1.5557777032053564 0.9804133084344167
1.071080958566805 0.9007620062114984
0.84258675782284 0.1143441451486582
0.893133469823274 1.034758070190015
1.1601774233051327 1.4043801937836728
0.7871376825581129 1.9400744552185594
1.2465807039956693 1.2069643316667777
0.7251969427811948 1.4275954782966425
0.8144417612883367 0.726096684661709
1.0742189724090851 1.0069194730616502
1.2419034821404056 0.41940057236512684
1.073228603027179 1.641173778476397
1.1624009289442199 1.1298420263613966
1.3169319304508094 1.3607152297795628
0.586913970117921 0.8089955730284137
0.7584013083904928 0.8979440228367616
1.0939356471470933 1.2816209574869315
0.261175269234319 0.4375064460997594
0.4335631245566143 0.982906281527802
1.2614420473661516 0.4369325367260256
0.3942867478974884 0.282575008662483
1.3689225217269327 1.2128995314694566
1.225774054971303 1.008443542054662
0.9255349362764907 0.9923804917182122
1.3167522749257818 1.1098734906023626
1.0639398575490577 1.2583256524943391
0.9889293929218513 0.9292820028069674
0.1511913033179043 1.0396797474830266
0.3764630450486939 1.2115257323248931
0.62136882539255 1.1302354752711028
0.8596468868501793 1.5020095452331284
1.6532796796282263 0.6425734754258041
1.3484843985002903 1.339010546619537
0.8253950323182069 0.08046651653826342
1.3227107760087535 0.8298326747119438
0.8739236503270212 0.8194108732635043
0.9818031331986995 0.8000146462650157
1.2894262063731343 0.7356002679800508
1.5451302020586768 0.724181259218327
1.3414893420280245 0.9409026288644703
1.522428203482706 1.2890100084706742
1.2718184390416112 1.1958544570312812
0.9185565583021005 0.9600075045768481
1.8279285088963886 1.4102333962943516
0.8869680856249725 0.20357201222693488
0.9454329433191658 1.0630647861496731
0.6646219800761058 1.7978934464775498
1.5663177293513328 1.3776066147941193
0.5766222305014712 0.66990964783382
1.1589281999270515 0.19791444768540223
1.1814392430182112 1.8071246345921335
0.5140298765818532 1.842451349864381
0.7901944763214457 1.7622768430038467
1.1711295477882264 1.278015004572598
0.6988091576730078 1.020862936823943
1.375147696600538 1.3910533208941986
0.7091308147561972 1.3982694860470009
1.2498105225938194 0.6494834898832945
0.8515159364345003 1.166820944458439
1.4551981795098559 0.8165963800372029
0.7851181456069669 1.2351030541821542
0.43241398103810613 0.9435779877907382
1.3311183090584906 1.6405356366321227
0.8573898470719978 0.04044934176382453
0.6281871304154896 1.2047636424404977
0.9201511314762869 1.0449264712326924
0.2846826465902891 1.1298095738602432
1.8230266437644165 1.0833026044568868
0.6819103337080192 1.675221793251957
0.9152300640270672 1.2721830169091535
1.1413559306353511 0.6221804862262355
0.98850800574332 0.9362864427662528
0.6892811021272518 1.8909231891294824
1.1091597450712498 0.9082770819595587
1.7951877762062831 1.5716660366455222
1.21296877511069 0.3416254867404118
0.32524959239257767 1.2407542221682448
1.1590099540090888 0.8343542038582428
0.666706043262715 0.3217516591236912
1.9515462991024228 0.9152574848777139
1.3441110057001704 0.3813561503608688
1.438483831128294 0.26310602277214323
1.5649618908810567 0.5229429446916303
0.9695321759776049 0.9952132576574374
1.8281657422436415 0.8869952347632761
1.0165677630462715 1.0363977539250224
0.6244043746356345 0.9404213554106741
0.45740154328669147 0.804588980736984
1.430766958591835 1.2383781757736647
1.1337807008793024 0.92559371546103
0.41990708709104074 1.427062234210176
1.288118280472613 1.2929939707910063
0.2693568104511549 1.0634527750774594
0.6871814137741525 1.8398613337323588
1.6526975489184026 0.40854601592366024
0.8707296257249166 1.285651737332375
1.389222297447439 0.82594954062041
1.0765481073019942 0.9525895939698985
1.027503512999544 0.18820857629578958
0.18649423901327955 0.7574587176057765
1.3856255480116635 1.527651643967796
0.3002079761276679 0.37369951166315385
0.6210220057925606 0.9167945805560328
1.4979721189843227 0.15694427318771031
1.2810914688792854 0.11327621019908019
1.1862775931177785 1.2002185146682736
0.8824448736525972 1.6810201624707881
1.1714723022498008 0.7322086915137587
1.1654086486865922 0.5498613719702096
1.3120586586809369 1.2360307019740187
0.8475234025952959 0.6006454337922043
1.2117546764275178 1.163226467512696
1.5177294769414322 1.7597974665420797
0.9855586377678524 1.090388870192144
0.4912429985301151 0.9870723830459677
0.9506271496417923 1.0651558440847975
0.5991708109423506 0.9097334616555709
1.1269071418643157 1.490935864288523
0.6937235901750582 0.7550751599344597
1.3084553085423547 0.5144807178784692
1.7923114973552643 0.7807876457261371
1.4326043422128925 1.6004078700768072
1.3438997177728336 0.8197595725644249
0.8666746704795452 0.9272561017601857
0.9193513650379624 1.6100158895820103
0.979253632227948 1.0501860858686598
0.8801972979183226 0.44658878431883375
0.9186126532712687 0.8066757779373999
1.2120091778863593 0.9282223753411422
0.5550200277477256 1.375521497044514
0.9209017788652957 1.497332424351057
0.503432319113452 0.6057701635216426
0.6089959161042084 1.5103691544470528
1.1546585767874142 0.8611811358063561
1.6501680905321794 1.5868113868741478
0.8970755032419448 0.2511722708506955
1.7924888340336058 1.0749575135715523
1.1170701298292443 0.987934794044322
1.2473285190239551 1.286490885724657
1.837866524714114 0.6698850459366701
0.8037131551123267 0.799294979320001
0.7381588617962975 1.3741726917573631
0.5086142913732772 1.3579316349527664
0.6115504022731391 1.3155588615912286
1.6486971083469864 1.42850330661826
0.6860372068447408 0.2547387270366238
1.2529768464144875 0.6518656226773295
1.0130771356069144 0.23756542114183
0.7788968619710479 1.12205341256605
1.577828227998281 0.9216422317768088
1.506277173080358 0.20302575707454174
1.0201315345889443 0.24991714074585925
1.3503047118821359 0.6786791378458865
0.9104883776504357 1.132000916496388
0.5636879078504766 1.7800698633722813
0.9809550107746309 0.9377814374968222
0.9914207700020256 0.99751441509226
1.788672035543816 1.404423334902729
1.163190749464336 0.9721424805759683
0.9885601378505735 1.0634682463736278
0.8659569614872911 0.3126372358446232
1.0273864209882446 1.598568853785309
1.15856581841328 1.2438056769246786
0.10569456281955181 0.8257329734021682
1.2056074778433872 1.077458808512453
0.9214861453991363 0.9595386836410609
0.6915506568924797 1.3678397896995569
1.527138011703642 1.2397717417977419
1.2524896372695373 0.3981890769680978
0.635759371417496 1.2275136326649012
0.936094695165492 0.6474336389907133
1.011998663635668 1.5501469121991895
0.6064982721998601 0.37419374828036633
0.6558637932969094 1.1969131954543195
0.9936755639960181 1.0019082741442518
1.0655175158519141 1.3924004007980662
1.0513144931170035 1.108811306764345
0.6192755077863925 0.09621578741866499
0.40550874154363237 1.1946731518814966
1.7835066767055832 1.5579520366921922
1.3543750309116989 1.3129884196343988
1.1972198330929982 1.5990619877352938
0.5904414786273335 1.5299043574180264
1.0486794386499694 1.4355248617814087
1.1451808845194296 0.4967744999242275
1.4458565425935774 1.1198622927610515
1.0269667029389251 0.6937828976994292
1.0814055551492157 0.9170175168254033
1.4630858537439966 1.5679747961473476
0.5946472430383978 1.1169320780663332
0.34375320601650283 0.8061595236790737
1.6236947512500453 1.6297949561056106
1.2396660778563593 1.2000623804955632
0.5945098727113244 1.3656563299425675
0.9635439921568162 0.9435783427956919
0.8940360829283972 1.439474789514302
1.017557339530508 0.8881018072874798
0.45876603927285386 0.6194146465531782
1.5022313657351745 1.700299882887391
1.2903265922093863 1.5095773891771869
1.5449603720911038 1.4531661812827568
0.8414429133109611 1.6219127293149667
1.1408631924075459 1.0207236442560597
0.6905158255495483 0.2340925835753953
0.9253739439511491 0.09367084675516191
0.9573112450542633 1.265270159968083
0.8288733464054501 1.061721012199182
1.5211944817983085 1.6149803458884016
1.0308121562114503 0.8884445312928426
0.9237192335614985 1.1029171145424166
1.348734236346906 0.8631862586893223
0.8796103261178655 0.9630656299599218
0.40129331902824783 0.46300227879584244
1.1377843636355562 1.8153546104471923
1.055953782029236 1.6113372741696423
1.4051629797183947 1.02066432110678
0.6463468675224251 0.08797036433584737
0.9706412030331133 1.100529713823896
1.0705508969485515 1.8791160495062424
1.6124370505488326 1.2075390377390818
0.8933671651979116 1.0323550997659658
0.6218869123544435 0.7567359208315848
1.7518953297355813 0.707648716488813
1.2107725693312106 0.6557354042087951
1.3688997427292833 0.35795646683388493
1.078436978621136 1.0705884904795762
0.6106255493619419 0.2435282718940155
0.3139462764575076 1.0061480837084222
0.3549008998659964 1.3706237585565253
1.3306026866250047 0.7217740630186344
0.5279961014716448 1.0032067026449125
1.4138006224588269 0.6538909367466574
1.1063604336284703 1.4169292627994219
1.1972534935369954 1.0277442794663236
1.6650206737007338 1.4993033016592543
1.74703095760004 0.7765642237290213
1.3626726118492156 1.2946153176280317
0.2614493361629028 1.1637556173659824
1.5766070753648906 0.5667735212220889
0.8562501878386086 1.568682221211179
1.2832792550785397 0.9541271016377821
1.2508935573622222 1.736560706159951
1.3840978161140214 0.7626493984299981
1.225231148488467 1.0686785290850829
0.3943325124764939 1.5422465684208866
0.8007337680127151 1.370694721861026
0.7567557994200758 0.6219413228347407
1.1473799051587787 0.8651692213657018
1.2664507165028405 0.9485415203750867
1.6877809212086965 0.30574504061152197
1.098144286367814 1.0847825567799607
1.2926831257609084 0.2514849390812185
0.2333954469355971 0.9883893362643359
0.9638921636912114 1.0763306106669739
1.0581106545318177 0.35605728363994005
1.2603607537657509 0.6628684498266433
1.058819254008424 1.0456501476239897
1.0151792754705922 1.0432162957997293
0.8736939193058914 1.2745976143608777
1.0355120401387656 1.28687670590256
0.5116581010084125 0.5641284807706173
0.5756596841303451 0.8658067452102044
1.0285616058674072 0.534515932079741
0.37141931863424604 0.4404227792982466
1.6345945998209435 1.421447549982091
0.2303863562591869 1.4631917673550836
1.2937062610871322 0.7873896429104312
0.9985676739759993 0.7793511904402508
1.4524882726499584 0.8043047290904151
0.9489172616120549 0.6627566091474881
0.3216259263971607 0.7059422850154172
1.3409899906143645 0.9171303188223062
1.5481841041354487 1.2303617829939442
0.48193031914756457 1.3437082977204724
0.5706183518242413 1.760307548632022
1.280169767039241 1.1714880160186667
1.0775995904967224 0.9704271190454927
0.5702544321010069 0.6690531624576874
0.5949786539093265 1.2799796862955646
1.0280243826104327 0.9622555820355415
1.0369861863521923 1.5884063734289229
1.899786417933012 1.0228366241781055
0.36913465271706125 1.5844000999814296
0.6348657810979239 1.1968956665766495
0.31970449018867586 1.3158752503910385
0.49613343156359613 0.2462084032905204
0.46258673708270304 0.4058622489440167
0.8488644690416294 1.0772346241166346
0.4345366296509088 0.9950146923611983
0.6390511862485835 0.868031198816087
0.9131162352104953 1.1477803848377894
1.0542984271467413 0.9510481522084928
1.495998111740252 1.6180630266988434
0.7970248613396824 1.1741558626494633
0.9018419571482258 0.7102294496044647
0.6397859959950076 1.0543003967776194
1.370608738453583 0.9613828293397021
0.2790175662945159 0.7641239971969312
0.26970884700009234 0.7557808919721338
1.383472266171405 0.6626746645302228
1.3463142832015924 0.7766348526987978
0.8504767085298325 0.6870294744503379
1.0752705724473304 0.8444617748194156
1.1151429527918697 1.0086401636721003
1.795655938231493 1.1309436205767358
1.1438515677742442 0.9429280019448358
1.157324020630189 1.2260919267010313
0.8114997962485535 1.6153162328673532
0.3418517980207101 0.421426490876626
0.9631766185436408 0.6107844758786498
1.0340364722651354 1.2686794110478627
1.0252667984248331 0.8588994733541848
1.0196608989286606 0.631176111088524
0.9128645032050302 0.9507517744604972
0.9540440011610392 1.030905440506401
1.0721997421019687 1.0481235547518772
1.5725764946774405 1.6332085362360225
0.4869659483492661 1.1764932161001365
0.5349562992245859 1.6435914991117837
0.96658557099662 0.9996303720055276
0.9549426113643288 1.396032098316067
1.6627326481386027 1.6403440961964728
1.1010475580879286 0.4440676197822514
1.3569757630005157 0.5767448640298743
1.2226413185430762 0.9118811463404346
1.4001347565222575 0.2442998959340269
0.618236968055502 0.641311653256385
0.47923559646799885 0.7023725823235918
0.8152775346951737 1.342017449377836
1.716732420661091 0.7098880979938853
1.8842538823826636 0.921561745229612
0.9990803950669852 0.6522855099981494
1.9213452635021997 1.3788890766468351
0.4508526884657721 1.658612586785892
1.0280917378092658 0.7187294392123691
0.09651364642663973 1.0071489185852198
1.261689954144993 0.7978672730467289
0.6715240155907125 1.1646254976105042
0.7546710026357912 0.9431917585871655
1.1731057316169502 0.7809010563223173
0.7960484589958715 0.9861453723143742
0.9175800761047557 0.9197685540128333
0.689126110487785 1.0274552249618178
0.10165856617799185 0.9849973426148084
0.9795739716304296 1.0224028367783828
0.8553169940823728 0.04578515153244178
0.9850491455548417 0.9798165156159329
0.6447878232625752 0.2794896755155425
1.0393989875661507 0.9603153920969385
0.368540649123843 1.6607720044993592
0.7781951506350903 1.6035123280402037
1.1842332196238357 1.035323443154358
0.5722826746213172 0.7937925466427282
1.1897168806132532 1.2050394364026986
0.5504392458703784 0.7703290679551016
0.9267121623697585 1.5825336320628822
1.1444640717110692 1.6961774875384865
1.4038168106712892 1.0833204996086354
0.14071220123994566 1.3424892982876728
1.0215956343403545 1.6968223542242808
0.351760382356314 1.067875969173428
1.1848792665173284 1.1017657164367047
0.6203652868634193 1.8649061814277663
1.5870738453545075 0.6567845341989588
0.3209698045848969 0.6147498050550244
1.6593764787707612 1.0836067827344231
1.0648164563338005 0.8592525610979137
1.4730457847540257 0.9899391941957852
1.008466618806634 1.4040707056514181
0.8525904241108653 0.854672215484481
1.111093058923362 0.4067278116568567
1.5646062176170528 0.2661594297594283
1.7710924453805563 1.2088986166297127
0.5907188953845772 0.3673367232828467
0.3912399287705979 0.4509432034170118
0.9879389117685309 0.8686168410956561
1.0765435898207474 0.7985122626463903
1.5914052136202659 1.3363185738002692
1.0555772195923876 1.1006362002992895
0.9967250234706492 0.956224685455954
0.8897018774501674 0.7137635437598756
0.9890033424336747 1.1379058842715544
0.6647458123375094 1.7167680161599752
1.7015557678759134 0.9750085038743783
1.0209897698018324 1.0206680887463817
0.8656733859530359 0.6850661893163154
0.2488465395571431 0.5953434322158317
1.15603677557364 1.2970862478026275
1.5195484639159216 0.9740550793983277
1.2344881067888858 1.2903118658330524
0.3783996518029603 0.8443618480283483
0.7860520894012768 0.13920422685523826
1.1856542949563218 1.0150372150338474
0.1501633815137433 0.8298751945771968
1.547794578555516 0.7925896184808389
1.0888802864238283 0.6160818986396944
0.5487358002930843 0.1616614161315696
1.0579309123191223 1.8669496128306988
0.19667262845076072 0.9211604922792503
0.7610551164907692 1.2279015533660096
1.257349944637964 1.7169999766595385
0.527414530670845 0.6677973458105017
0.9187728384313083 1.4740947972316036
1.2366369357017994 1.2511641111917582
1.71580012050589 1.559332403532929
1.033588599393671 1.4753193524036274
0.362296952825083 0.682827184239764
0.12425334295843926 0.6772871388079464
0.9537654709806657 1.913738876878119
1.114072859901188 1.0635899878506727
1.8366823483029318 1.3863522925152956
1.2477619125806338 1.5484063953134874
1.243850209681647 1.1855105756582742
0.48781787436501645 0.1482536565663749
1.3297749045892715 1.0085560359205572
0.6112982997026031 1.2308665882730567
1.4650664592067524 1.0979391406479886
0.5181421668193305 1.7258238341367653
1.7153002359687313 1.591265307416121
1.4785580000248206 1.6199342655433129
0.9267704825685531 1.2377526374532366
1.8000305542459387 1.3458593372888603
0.5674604367606413 1.5436947084952148
1.2397500165314626 0.9874863161185292
1.0256087786039834 1.1176312125095313
0.2625595315702076 1.0004509599844293
0.9959108517032298 0.987054982875267
0.9485808252504477 1.4911220356539407
0.42773032001340416 1.7203855298436723
1.382136603013887 1.311608464269966
1.0517167822999232 1.0006205323690265
0.4815870839036942 0.9477569669818228
0.641082526790677 0.6962976781557296
1.7857806606513025 1.3939148411660238
1.4043879659508243 1.566482756389054
1.6344606521203136 1.4735773410592725
0.5246556573370756 0.9327577357726862
1.3144896509219026 1.1684563199559146
1.3799836723299224 0.18046618490729271
1.1826956482172195 1.7344074120824358
1.0173667774553714 0.9878877751013645
1.2560100387085142 1.8262080088894173
1.057263210163826 1.1943473264560578
0.7459170872818928 0.8755063963860069
1.8281302395696164 1.1603781138749385
0.8632221988810216 1.140941568918023
0.35858124351928444 1.1581551815388496
1.0339995113620637 0.9212249193539226
0.6725276310128949 1.100300486929991
1.7219271052090368 1.2713125807536847
1.20351551181142 0.586494465060721
1.8408599676969248 1.5057536512550131
0.9225597582119733 1.4018392751420004
0.8800801077449102 1.3856655883030904
0.5705304861165108 0.36013040271757124
0.40116534389315306 0.6883177556231559
0.7057931088404583 1.1144083035087096
1.2983747664155212 1.4408257785389365
1.0125708601528791 0.9434139756846268
1.0305622286848863 1.1163283492767688
0.9887686007955875 0.9634212756469063
0.795196282753426 0.8167737618589037
1.1879880953735844 0.9101117850782632
0.39903676769082475 1.2246415429977109
0.6616419661981188 0.6170597257022262
0.7661078042731929 1.3883238325607217
1.4433965547941168 1.6802164056907012
1.215519228540428 0.6869866026834492
1.0617371752548164 1.20527789975734
1.0772711292602104 0.9846462536648068
0.8532899392363873 0.8554466131481204
0.46585915870993944 1.4674066638981695
0.8913090501393974 0.9722793980572159
0.8955235374280706 0.9448056038455022
0.6756623151566234 0.40415464458749173
0.9924737116670483 0.15080898939316778
0.7609755347101326 0.9137414934788591
1.662812973499367 1.570269422526776
0.46113635572943745 1.0503076832157456
1.0347671122485271 0.790352671210865
0.9982553550479988 0.9670234900922632
1.1051736386983162 0.9114858717951987
0.7866374287779646 0.5165979114555477
0.17022355562455305 0.6388367444527818
1.0913290586464204 0.25535775775514535
0.04252892888470461 0.9026868295560783
0.7174482785166989 0.8669367174766693
0.9668895407171141 0.960782833120576
0.7729336982529841 1.1615670751373286
1.3026140608107597 0.9656569162435059
1.7920111526189924 1.1437697363232113
1.2500764722640927 0.8776050580706547
0.9909714622869281 1.0456774302122442
1.455758262329181 1.599765705551731
0.9096076158176389 1.0356884437780707
0.41521365814075784 0.7599251177041533
0.6787969738909416 1.210199121922834
0.417264819099631 1.1109377662078506
0.8588160574912702 1.0367890717395234
0.8142158482858647 0.40734392593474955
1.124949767311329 0.5921466666568915
1.7820344426076327 1.015018462836552
0.4487998398929548 1.7178384159464772
1.596493171954295 1.3869493957544439
1.7322793063759745 0.3229908137655493
1.6147549178751133 0.2186723388669337
0.9630622237210698 0.8496395527038132
1.2312148620711603 0.758904861728833
1.7015449465775832 0.31622075671021965
1.0609366607117026 1.3615558295206052
0.8432546017025755 0.1100233391461235
0.9400762857598428 1.0569294395160707
0.507703709046371 0.5704290428482616
1.3750215504718053 1.2024929526528279
0.5243504563051062 0.9226554362746564
0.6712201464939098 1.327628962161218
1.0765170126408063 0.9688856957830143
0.9980289173665976 1.025589295352134
1.0824996902394617 1.3297515398170496
0.8816059068096028 0.09383411861522228
1.0039902608072375 1.0526183920755494
1.8926142159614596 0.9777605343247381
0.7248196188272129 0.8764389668665415
0.8600740341638005 1.347709429179991
1.4508044910379103 1.2315460237751825
0.9232810299737122 1.04305041137096
0.4687764976981208 1.3082676435398752
0.8495520449281816 1.3981595714808013
0.7810698408749702 0.8051025860479586
1.0067956284946804 0.7604801116054999
0.8223605279404922 1.5292308872526796
0.9814402743700149 0.9188097463544426
0.7596374676039318 1.0523082722828137
1.5992991896698492 1.2353132571493792
0.9617426023412248 0.8554144201792964
0.984287500271915 1.6535779843385732
1.3138642969584269 0.4392831220773302
0.9741357604392783 0.9663532377337913
0.5184140368682351 1.3414493617348742
0.700331769839372 1.92719611754226
1.2249776088410027 1.3879895921854102
0.5093689984218575 0.9238159606266092
1.1267150301878088 0.587085144600765
1.4087091599418051 1.1100875006061417
1.274761087883754 1.1109190960134656
0.8069850404173304 0.3667573732537589
0.607381574873967 1.6348081542785102
0.7963158039345795 0.9751360025694371
1.001375400858716 0.9942071564594953
1.0168201074759478 0.26685179126149094
1.0143716027794845 1.057983046673695
0.404915808585519 0.9524018913111805
0.6890032498475025 0.7611488750151784
1.0027811751278064 1.2867738424043897
1.1339257245400813 0.34673385634329357
1.414226873306816 0.8861819178231949
0.857828478678816 1.1449202268276717
0.9638489735519719 1.0529534658437076
0.7878977810888321 0.048827112772347636
0.9800128607222047 1.0662085541717445
0.2563836686225909 1.0080875274050694
1.0320851468999641 0.9801094774002694
0.4309822290536146 1.1673411122797135
0.9932903918655761 0.9804634279626339
1.7123791242309019 0.613394895165937
1.3167795985510637 0.20564989298132652
0.7360121072253396 0.9351263727626126
1.0744762114436495 0.7959258525744659
1.0365976025329924 1.0233596090608201
1.4592108666137427 1.0159471767713073
0.9638615241542239 0.8172590189624335
1.0132123510059559 0.4986300184209074
0.24689018079535763 1.1578170390955955
0.7374930204113677 0.8552407528210426
0.7481194063555985 0.6519034200695946
0.10431126218769993 0.6135777675412809
0.6432263086531727 1.516261204657753
1.5831450906713864 0.4579517639454759
0.5025430244900997 1.611763567577488
1.3729529526404882 1.1392637831703818
0.9713884003164308 1.3925774713069066
1.0445454101586775 1.0086442394591095
0.4060310582450326 0.4528175767419761
1.4182814770684995 1.434065080553629
1.4724034806652493 0.15379490782824634
1.0073152063000734 0.9487588342358526
1.8069968139230033 0.7477053504773163
1.7212815636763357 0.3197167407144764
1.0788023874182404 1.273101237498089
0.9463839586624037 1.0017776322704661
0.30655562788749935 0.40566919250627886
0.5107246231928957 1.7926924102637214
0.49643010523415343 0.904815352659489
1.6277485697249867 0.6069995227895388
1.3814913675346312 1.3377867197201068
1.5560295860397773 0.4404702843374734
0.9741945967205948 0.9791976022752876
0.9984706455221719 0.9825173781659142
1.56169530489143 1.1241656837381364
1.2329382432061593 0.8961746988663349
0.3724512420596504 1.5746551348521662
0.5772577813610006 1.6042086056433114
0.5987938935115442 1.4538042530414872
0.3950618476894613 0.7154807032238583
0.720262379560388 0.918276744229362
0.43593621456969667 0.30932066447643314
1.2160028249103474 1.0911677931618875
1.0595803178258165 0.6777844670679865
0.014862719116059964 1.0915854220114714
0.727676942663305 0.8768644225938738
0.7217172003008344 1.093519118964803
0.8249917346722566 1.5639004469202549
1.7863181046488976 1.0163622375650307
1.090892761200518 0.8721004565500992
0.403728765746876 1.069660114814258
1.1900289503847437 1.4396891029472707
0.972745293954708 0.24665421734952309
0.44586609551289347 1.0592752339144733
0.9814900601983331 0.8953271354986516
0.6883426188818987 0.16724089299146672
1.0042239968659963 0.8567071417314633
1.2106756279956206 1.102606378600104
1.4003282127261976 1.556112008738967
0.8771216256352715 1.1440971579135182
1.067208155801867 0.7886388291488682
0.5894368873118583 1.1406091805654057
0.7022177198739357 1.2635786683405559
1.1773786589680157 0.8129797688286258
1.2946226630684727 0.09063858857089357
1.0338320413515614 0.8752996287019668
1.0250731309495704 1.1563974926408065
1.6881655489399017 1.4612240342477416
1.4713847398685056 1.110262955712457
0.4227132906380212 0.5814776957197896
1.276935676673473 1.146518883636794
1.597749245169556 1.3843981310768068
0.8780297401449637 0.8406213179142976
0.9251666782481385 1.050639073111858
0.021835974546333348 1.0270155016211293
0.5976946496087938 0.940716303850236
1.7229782080684646 1.2302590836374045
0.943393407129043 1.0070323102968288
0.5867571639161976 1.5082513899717918
0.9406913909651358 0.9964284041177911
1.2134284705514602 0.15759781444778198
1.3428678858367593 1.0788916874003083
0.9909774707026153 0.768267393675094
1.5570405622787966 0.9966282728155915
0.9954463121620961 0.9684156381445923
1.0812617031595002 0.11698931544699531
0.5124064959834276 0.43061793030483375
0.9565785586812091 0.8034921666332897
0.8464989914279556 0.9055697252580794
1.1742537585222048 1.4629315669201783
1.0053048154541873 1.0101835584472698
1.1432470915520474 0.9954141242367593
0.44188007439682275 1.6459941602924437
0.4708621275028697 1.3614210809288214
0.603800184839449 0.4294150283767292
1.7196191924847501 0.747376322002238
1.2307683201491741 0.9477776529480701
0.9582990245848662 1.2548526155326674
1.168626109093773 1.0476913435616892
0.6918599490646566 1.2565313262523008
1.6165003578744188 0.6636824051962895
0.9020221307345335 0.6264446077901249
0.9922446086436766 0.6745355244342877
0.20323941626730213 1.5314712794361147
0.495339018574394 1.2846444243737642
1.117894655725595 0.9012989089408326
1.1066997745448772 0.24118495211309188
1.087671164607467 0.39518936955936945
0.5249165754339773 0.8435861039027288
0.9689698281523154 0.9898121608505565
0.7062905240112198 1.8476837533629595
0.7844653326259182 1.030479175711442
1.057480615400564 0.5542716506579536
0.8193577183597271 0.6613979895149207
0.8287339175149734 1.0251942732047215
1.4598617810857406 1.0392784942148146
0.9168125680423589 1.0795691437722108
0.8414320345653852 0.7901235471875043
0.7447716599379233 1.187317205195678
1.1971747059751685 0.9893873421795066
0.9760755334640414 0.3850492512959963
1.165969496618809 1.1634644967399628
1.0929260842296986 0.9519498683019677
0.7824203592211141 1.9098391941164847
0.9314162089180857 1.0944520537280444
1.4509377461847681 1.5902506898550515
1.1656141325239828 1.9198894061660936
1.092121610645967 0.9555751059340427
0.6402592883965204 1.183839084410223
1.0963780958917777 1.0547331741153974
0.625847986533121 1.2192019969614902
1.0617344263335131 0.5398574529178182
1.0141439786255129 1.037922507977507
0.765222668108922 0.5373470730202605
1.665578402983289 1.0013533582703287
1.8873806211903545 0.9054377292468699
1.4416395324016495 1.1252130342404392
0.9228395774983368 0.8128479204172957
0.10770761356772374 1.3658426204619551
0.31609465918117363 1.1791004197294321
1.456296623097744 0.3931912596644618
0.5567503974357573 0.2705836722059719
0.925476818320552 1.0089321845853934
1.0321556319264633 1.50269088351645
0.7704555935437769 1.0785030822179789
0.6271926717271479 0.2561275919248778
0.5911059128562697 1.379147073605358
0.7409625049635249 0.661829480822306
0.4713119197017823 0.6518096044243811
0.7531919908745865 1.2478952767088436
0.44335005688348905 1.5037817057325729
0.49759809780136544 0.6319673253875012
1.1803240864711522 0.3333758868718665
0.8321008778562502 0.631709487101879
0.32365085643224323 1.613777697157904
0.7631600351469577 1.0417302350637883
0.7746724321496239 1.8429746557990385
0.9121260308057397 1.400190844916103
1.443038840964448 0.5643064706307919
1.7593099238239525 1.3380838700555375
0.8943116390280024 1.1051689809676433
0.8371491734005696 0.8978269750740075
1.534842144239324 0.5410496002897158
0.24356327610990613 1.5821634940939382
1.3657318412051667 1.5804196332740306
1.2997914525057384 0.48603803432464165
0.2957223525199991 0.5395029273904928
0.9897386666270257 0.5608642399355237
0.8343808205248149 0.8275434286803118
1.0463790806987694 1.01162552784722
0.9061037062966831 0.6528449222320293
1.2295449292337617 0.5327195211152341
0.09661525008083405 0.8521256675202642
0.673080425413022 1.1202293342993124
0.1690744728039314 1.2897361493236943
0.5090386722702065 1.3397762943505909
0.814037497969584 0.84955003869658
1.0374418190403083 1.1138854146248198
1.125038615687281 0.019997308887287457
0.9363185129979013 0.7908995029940232
0.857550393586565 0.3274920844064807
1.849545076271181 1.346248470103579
0.6308487733767612 1.4654223495660728
0.49566943524314144 1.6834558301600593
0.7503025692188259 0.7627249609241672
1.1077023412648885 0.9862764417688475
0.6330997544718516 0.19112250470635894
1.0990353958238146 0.5289765737691571
1.107350980216467 0.6971946742475096
0.2089004988377725 1.5445225440619477
0.9817760041247537 0.6057495189802589
0.6544635186813541 0.9212872369062687
1.4178834860021396 1.1468461267207204
1.3500542440624959 0.3610352434205426
1.044577600305649 1.0323286040612207
1.8666024566744253 1.0644657285542891
0.7408735394214526 1.429779061345432
0.5359843591419022 1.4380990101483118
1.4993632748788346 0.4858007836238287
0.3846603261498116 1.7359004920647334
1.0098927070847643 0.9821442912973917
0.7996974670198288 0.8335725715794156
0.5483531655448028 0.4118876817395656
1.059566576807354 1.140426987347211
1.0290037155282687 1.6064561167934865
0.5320557401829309 1.5998239233808638
1.2593747951771472 0.3927859606256192
1.1985025585879479 0.5208222430682594
1.040418732634653 1.2162269099132454
0.7838578676206044 1.1528059158225161
0.5125043280006922 0.23571256788342998
0.152475900540342 0.6738900993058969
1.5041171678115899 1.2662538275324442
0.7555432821139934 1.6022287281267409
0.49783132450705425 1.202091716256379
0.8288087402631976 1.067012191248812
1.1433411898057728 1.2841907276545792
1.536280027737058 0.9434322283744893
0.5192048135405178 0.2570116709987804
1.5612266458394166 1.557895708629592
0.6536004338140058 0.6936447704397609
1.0199865685787148 0.9023892686842506
0.9673183671388872 1.5945654831739722
0.7709110912152876 0.6798705941927243
0.9037478444200657 0.05736094194744623
1.157433286199299 1.1456038551259407
1.2588561969273087 1.3437152951852382
1.0608692279185785 1.2743822871583883
1.2807800559139042 0.8119113112933515
0.7971872404547758 1.5495165941469273
1.0291048867991233 1.0340872452021452
1.3754603676031907 0.6351340764557496
1.441132537502102 0.6516478956690261
1.36681453015692 1.0491226572754848
1.098870105909236 1.6788331194576747
1.0594713316115014 1.4570916423075755
1.3264449570520007 0.7842431250779174
0.8474350535661348 1.3159239754919148
0.7989464739738733 0.311271479171764
0.7933223231060786 0.8009923828613157
1.1121270510146677 1.3562470479656086
0.8207183057578922 1.0754341198048276
1.2364619632187468 1.000737069507997
0.7464568373582994 0.047843772657125916
0.7519753859894186 0.887290428630356
1.137693665680809 0.6627472824783442
0.8981904021202449 0.8797004649608312
1.1045312742658362 1.5729039506461135
1.1411382053313173 1.0841572000649857
0.7323808546415538 1.7508336217213507
1.889985440009271 0.7720214496990035
1.034298592264588 1.111833619306503
1.6332193155674926 0.6495029756852455
1.3670440345432024 0.8747512431536864
1.2450132907977336 1.0405636245429306
1.3440185300427143 1.5511065575839977
1.0351869897883643 1.0884407856657687
0.94004655631008 0.2962927208576699
0.9917935667460452 1.010281519416304
