-978253876403987156
3437970387167050409
-5137092572352851660
4838920118077203903
1340601459488958126
-6119828003115613725
5084126900643078176
1132299161338729731
7285153006970711236
7114914625287918844
-2047712872870660434
5657126348092727912
1929689480786022799
1808099114241851977
124838670242805655
-4546600274331129218
2984359836290429844
-7917535048673025911
-4416674420726115802
-4208035112665377162
3130905728830200654
3173797616972588473
3361482679004798607
5046977968797610127
2834931081476143363
-6837819844063060381
-8404127030064445685
-2947714985093541084
-8676880173878188451
4665809775716875062
1797141091701415508
-2713911797221826282
-8231655358523196782
6279236902250404461
8234641891806351769
4047325972926167260
6374264361333423654
6347933159350047360
7219474816422667604
-1955310732272444140
7778712924982016358
8548455492771920671
-1153811944966821018
-8011095479158981660
8432863616821084585
8707501206461687273
-4817325361398926340
3366521991940814789
7907977212132268462
-2143577029558221287
3658688487758412919
-457824243781010776
-1031719625917182923
6813758126897279904
-4696514159421355340
9156316996799190744
4974684251652162068
-5653555966678390249
-71597935493010592
3636603197979080733
-7555792863931037023
-323536714139903796
7971171795361794761
1832003131913692822
7618642615054976650
149582101637309696
1255454145683845212
4235667915200503030
8538413125656357777
-4449954029988833828
6635719174707172627
-6266481137268367750
-1786718306761654119
-8227900973510224378
5669515018083092305
8583562871661740011
-8959996721355475819
1204924119575042772
1922641183739309826
6671718792007330973
6146424086557967303
5810009971060333784
8235022551576401731
-2991095442329883256
-3372202747448618600
8247766368051572795
6259552028609188164
-2484387838288116930
-2111465080583901777
4191703263973750788
4088417293141428926
-7891650127522733052
-7453437069556122640
998259493928048842
-6083705519294986610
-6256775548425516115
-361150686939494260
1575241680706853242
465058252315684677
-919429213540696224
6744821535879498160
1442800190261278144
-2856952585654412972
5399886579835538138
-6593438190990593870
-3219827069870932362
-5881635240036568381
7163964458592157327
5200211228421910140
-5587099026530913540
-5426150268184827772
-1635055057805020807
-3926321999725074581
4800330782263236016
-8503533979260645288
4474063147594029971
-7822834749583358573
-1213238523961637144
3426232925574990909
-1529505053060287062
-7345483531470460745
-3428917759316626658
-7274491656447317266
3225175785917833628
4991542547749112761
-6698360774261022195
8034568028138005239
-7041746577150364554
1663459235805747132
4164393009623980699
2356271113086523610
125429411848107375
5437101820553565974
-4730936650711660536
8585783406928533411
-1828562118434216460
2936588245743598023
-5431856092689619647
6283098088998725869
-2441954147976958389
-7255299130232107940
-1041599310103400252
2044757643960061726
-1916017845059622238
-8572763698965903082
3859679274221684167
9122389559441112835
-9130608149809900489
8072725951074682157
-1276956828222957479
