8493946218232665612
631854326156192441
-5907221091477530432
7919149617870246418
-6700382330503322336
-4751205233136582599
7144248298591092090
8528409623951340315
-7183927525665857099
-5229807260833579487
3499834943740493779
7206615780772862989
-4842112575586700242
-8448059662902234870
260548428435785001
-6232748280715666714
-8700289581167967614
-1189099412076684153
-1048803829642722478
7154493140285174319
-1444782436726352299
-5369677982147629542
2480530463225111368
-1683343650328395261
2870306808320771937
4699381564066752576
2654730381651534775
3633478909667208703
6200807375535131644
5860371990402486539
-1627382785120756289
1764323538445235763
2110390985241259860
-4703781690033106820
4061731632646898922
8431443135398665914
6459929569443799240
6714578606426837862
-4930110510847119002
2922613925302686499
6944741755942016100
-6371129216420953987
6697125691780205189
901013397686070593
-3575817289858028922
7330860366768994403
4858105318447560194
-5489918762144363294
-9004405480466975324
3027422472572092055
-2542114335823856244
-1372383445470820591
9028482899140327815
827836466886476565
4289109229025779584
-5549879819619084297
5967367875297511513
-4959365337118348213
2089306575252990136
-2356796620230710799
5891360008540032107
-6872073574585795471
-5205693338773388198
1675610451795685477
-279912979857130802
-3781135504765807408
-2430620330228638242
4745417805998856331
-1716406243926191683
-3627247833217076059
5661498028239596815
-7036877113447473290
5257765252631762316
1146416786924043991
5821565266168306880
2843530416181180112
-322332290385564102
4712985088155014024
4433575660421700378
7409668996665175793
-2195633550015215283
4418919443248264170
3716312338332580352
2020650892483714956
-8565808651924757737
-2557812740375142638
1596296189888696240
3259887427810540298
-2037856195694267601
-7361029692276255299
-6592107333776023310
2454012514698585827
7101965963197769553
3385021701537316821
-5832203554309604051
5668081946054927578
-288255269331041318
-574081383048851375
-3221648174602969393
8586440630176239168
8403784349713621395
4982101109095890345
1873305693062955685
7720534477713977747
2754136746325740429
-4531969582562009172
-1334499768145734542
-145534827110383330
-4501190332270012974
2285097548747161232
-2803939003970149119
-545634856180745410
-3450305927826030071
8143656277004671758
820261761062242755
6636571191206859634
2669936239532043367
-2428967098635156893
1247542651883759574
-4781392909682434483
-5679874404757450211
6368135566759799773
8868724721616141593
3877463663179043114
-4008790847406131358
-8105496028475246121
-5344436938172988574
7944032240146389358
5286658617593088260
-1360235535883780441
1954211548357259971
5853603775210185070
6772891833960721670
-3023275836524982420
-6196481076232812444
-8011628376456621684
-1749365888726079053
618901221916413811
-4217412318554427731
-4644847584315263072
-5211007905659768556
-1297502008609119981
-4367049192641347595
-2236163536338769563
7191311064060122524
5096785127563908254
689295585647459849
-8503504167317399526
8156480796340025650
-1059413729450110641
