-2641216559042036742
3553113898633848852
-2301927125284910961
4722703032448718742
4811124150625029247
6814094184515359559
3347835830066471930
1991933678954814590
6965200105349607160
7127814747142281468
5287599932590695412
808954897489285851
4900438688421159332
-1577064036673554229
-3418628429596330641
-7408208876366707566
-8722475865796134606
-4026265764431700526
213120038594602031
-3041830424998280276
-7385838092248105931
-4881234907575237987
2439450602057263353
7223106200177373193
3904084427395564281
4530696700480444627
349728625193846719
-412021429920894028
-2489406881538536065
-4528758479079627253
8162191728297069655
7562000436154438345
-2942952198466100780
-9221040186292696817
6424827339326481987
-3025793163369895035
-8440206306498892155
9195495314098742369
1239060450510883065
-6667542064085330946
-5041254371724997000
-1683180822015780997
-3765906734191689580
-6142314412670188
-7560897301720155744
-3300287700288235358
-7076359858037520561
8138480256485575818
5167332562391996030
-8508547533007574525
3129354327307269349
-2225921731748823930
-3813318479762447411
8813046272917877209
-4062829957975066310
7023425418267855717
-4308814398088857063
-6911727864231536312
8407937026596308035
5669133056885319864
-287938337924403725
6523707508784996974
-3356524972863844479
-5825389132541846977
-3087464917175709613
5423200141030923587
6256373652634469309
1885620982300232037
-4169071168977002557
-7483573600906774334
1574906576391547725
6645471312414052681
-6380335328366915114
-3010492159095773011
-7439538318322003781
-5986129459781812347
4601013878884789867
-2653164586173018254
-4175797097583372563
1229626067303675929
-5505659423293541726
-4963467630963211457
-3313805881802253491
-7479122309852679898
-4897497945943503076
-3528551694384692388
6206321021993749705
7471637961331677848
-3584453954298763835
-3285707174772081014
4781879368194162359
8996155479216020638
5222444075131197851
-7284753276431126052
7979922284992226628
7615469615750060796
7129677178583268827
-9084081327107331310
1969572301075267535
444599925423759295
6170794117239220792
-8197348191674036694
-252567806019020421
-4863032704689642978
-8182697973719566905
3326077530666307552
-7749539497605039886
1873063554847029910
-2476212455826478743
-4251196747457586918
4895141956232463561
-5349087078451378183
1408316672152706513
-1779560221223197365
-187799451030899894
-6096666551413070436
5174511990492484153
-8718199499010903248
2453118615694301384
-7743478239008166676
-2929618566112418434
-6695823398963378258
-8544353694425094978
5810519843488101753
111962739264004481
2037026365984818346
7304918009153951149
2718983784221374451
9086819055572180992
-5222098054551990162
-2429240480732966090
-3887194116196663023
6491466058164561522
3471983957844807901
-1601467439575686932
-8619671478859247930
-5396518185460040372
-1714561667274779079
1780080581072592304
-807015116983615647
9162543457531429949
-2363870272395626280
5735580521825095329
-780772836252042724
-3635143703694087142
7471036099237657818
-9099034280329641519
-2990157872556592039
-5733587866602641389
6794846593926213879
