5114427628594180875
-9196503957935205665
-5488051806600950814
-319748964493247989
-4979761537032587593
-5278226828542527899
-6436280692507110636
8464699841237258136
1483700063893940516
2549302690105672429
-6848621306741901462
-8316095070100361970
2120338597549705958
-1956025975763482921
-3710750913716281748
-4924016832106399536
1657493133182925064
8814141390856916353
-4807782179030172135
-6161340908198194997
5733041221036167882
-8745384543886117225
-2193055122433044556
-8347895467937305278
-1881236787077358956
-5832461133166352605
-121453079983923318
-4497726701685727551
-3382954260497231403
4208220511120772040
4718193242014737355
7097706286799904282
5935132024724120750
1293980547840338445
8068083818476934050
6060802708068841376
-4254016995482439078
-8963319662415336541
3640099376995344218
-2869816311567961417
-4351061522175400703
6070293476012620902
6880711389876097260
-6152513657134760630
-2441775163660569417
7294770272261432003
4357521347037654045
5969753158958334234
8820437226361471298
-3722580789551915196
9049350862599193301
-4749621596914402995
8268418081228927971
4323275746009058402
-8447130470314880462
-8707021724442460138
1306750147696535140
1052832898147717120
-494964683459389039
6369170602102390531
8868118390998517806
1478614954740441918
-7035471731594165233
4879463103851091614
-1608806795999054187
5205496507972664725
-8101900454662171624
5782743937447008341
-5270027702371945811
-6395199161591923673
1151559405362768390
-3801789541351118649
-2347867086953380348
7409192777974620346
7303185115998042652
5371775234370480230
-1729317419038123599
-7459708807429537691
20074097555806188
5956857737753478391
1330049864739358940
-394918188328755192
1438564260223602339
6478431904388962638
9163951824485182651
-8636784560365269546
-2111129034851295283
5909770011004522511
-8530677527557998188
-3015270605356643652
2763173127925170297
8892980000881257977
2938348908773310697
8110150419223724321
-5811103348290428291
-6986528103283347791
5132642610108072897
183820854334487242
2528712590328967845
-9140779588489833302
-975868035042724173
-9049789724126681600
8316867264264719685
9156157092271919454
-8852902478256941452
6512404410309611352
7303820919576952469
-314498349601800584
-7418644202145835760
8712220501102808619
-2502862703171824277
8803239087666027314
5431603885304028076
4904544477600468341
-8173626003902490824
6014549892030625895
4860910764108030136
-8359051388817734832
7792060382201376380
-2617290778731114638
-575187768929220208
-5076394075628778555
-8379170382595844228
6703447008852419185
3273594500690707449
3573349143154824739
6393430470058178606
-6159757007269662774
7663070970921880842
6761815482366812146
3093564489786137127
-2309193730417598010
7691844265153182884
5731388964534119944
-6329867658709557591
-7658415385768432489
7740145876741712826
4268476369920155893
6587303800867501766
-6369586828295390654
-234622854423242772
1032104229695506357
5385803090038298161
2085558304626301047
-6289123132635150875
-6243602602816639029
3357510301071423534
-3765553492910267451
-1703373729625461447
-2190263547772357718
