-2429091557429462996
-3326592162714873728
-5017296171426738937
-6543863459918594622
8857097279447437800
8949606087385976470
3171159856928125019
-1324819721592923842
4851295515699295840
8814221259995960984
-1276803964263277153
-2878164038070612251
-1679146922012771030
494686681502269931
6934777554028208590
-7707585808024746261
8906700920870374049
-597737752224229696
5485475189730182643
2295022715863821239
6109140803449521339
-5585110544140813241
1637581005265155561
3455897646834261922
5032079511762057488
-3316604402370397886
-2914875853095781228
1036879364443834373
-5268095463250172016
8064903212676547010
5890342850979721412
-2143983877358331061
2215825957432759042
776748883171473521
-2348975627948794501
-7344100511190336417
-7475563566829226325
879069253063299068
5597469401133714842
6705641321435214664
-213629409723471076
-660081798795615026
-1541516531224657187
3236537347530552694
47556829214214864
-5713953249951418893
-8612099732247706625
4782066782302994692
-222203243204585715
5228088465796070609
-2145764952409650957
-6381559424050604936
4618410323623899759
1680979356096615745
6290674035712597862
-777077281351993257
-7298659863804057150
-1596903576068794476
4450301458487411300
4256317641551273007
7845911771251688559
-8610034337330026354
-8900135469582973146
7627557427188919377
-3520077561500181979
-1623490117018510589
2878920252921930636
-1126604969834002643
258261554264099913
7059132138420088970
8324350455133221698
6973349591908462153
-6648540089340725742
9065445000120385284
1833231764097160146
1552153778548941385
-5601717290962493517
-4173341721741689710
-4917296118046333512
8173296925075794373
-1969587033932626966
5275852665606009749
8957633348480851891
6994996243245159619
1457628149655042356
6744755814823270951
-4538188990160195177
-7668342031960045613
7858700499020552219
9214266251121284502
644038339561017181
-417961366159844260
1359264499543847218
-7922355253817252262
907598418646265354
-613275074747567273
4887263356211187326
-8317882359666932477
-6829732236985857618
928041771431729651
-479272570485897122
-3091313377297714849
-3889615846519478780
-8696640230783723636
8186654568813111305
1613649368733191729
9203610413620703129
436632419591067235
8814295216736583815
6613068240516614868
2746497671385835482
-4676596149214782742
5151704574262832464
-7780449712126759868
-5123711705622050456
-8611323000162486275
3126228077512446655
2210986172486971624
3609795471828303034
-8452376390098046825
-8476244731859871819
5827374807957512822
7330000289693028215
-3748682298415841846
-8941591932665455768
1665478707059233324
6849523919183972798
6281021969852573000
-3407020946610369377
3721557921620816526
-5065781388939540477
6379224588043403357
-7735839306686601271
7087606380573447606
-6552587512747443173
5023430460105627671
6173028133914835977
-3904184531039573234
6211276935176523525
-7032379608578361847
7316726333222778040
-1288750147808480391
-6429267317498469336
-1535216288894092198
-9177293349545946202
-8345506158925870947
559123929049706866
4068140260526023474
8322837318309504427
-107159227790062213
