#x y
1.4592871946719603 1.0894789038848078
0.9211562063093877 0.46989295725706126
0.1017845069858413 0.7345642738411622
1.3087767403949455 0.9159581556790055
1.5669859604484024 0.5515632707295289
0.7911005569491607 0.9126361850126656
1.3602430552724254 1.5521286063358102
0.7581431381869354 1.3496040415176735
0.3773435355933954 0.6371433264479689
0.9929519700322423 0.9925149593827983
0.9354131191661743 0.4874339824457986
0.7563353402273901 0.8059898367505232
1.0033024418307965 1.00450222544611
1.936707871709209 0.7707037058717776
1.1141589711144047 1.8472814675105078
0.7097250923800855 0.779521628172564
0.784306715577368 0.7382482234851754
1.7526688854308343 1.4200670266109872
0.7652557799914749 0.11018099073692489
0.9287882154591275 1.0076387880735367
1.516769072376897 0.5484778396011462
0.2109623079394659 1.5678420306178826
0.42106420981819803 1.2668693706417988
1.0247327252054623 0.9627821662356076
0.7433696970044934 1.3133617841966525
1.2585352689773863 0.4984336157373822
0.8210566755607798 0.686349334987937
0.9455483471726018 0.7083618959595747
1.1883504636673072 0.8524085662936349
0.8160384652463829 1.20842268133785
1.2854697208703483 1.145502419754591
0.9685108846324398 1.0478664628733692
1.0029188418356167 1.95966416921457
1.340619625317792 0.3113107014215968
1.080906462669356 0.2727969809313314
1.3457237107724438 0.4343680158500851
1.14126643225613 0.2609566224678962
1.2159629841551096 0.8115210376604957
0.22242037494092404 1.188750154923358
0.8383260310585527 1.259805078306616
0.853853486816718 0.31258234231077997
1.0525192846837497 1.093658391892825
0.959644928550943 1.073985756139464
1.2884035031907959 1.6147335331805537
1.3491833064659717 0.09417140032466198
1.9267832110046939 1.2523777950948698
0.14511049518073493 1.4028168129717913
1.5831174244358097 1.5451225952183996
0.7479548108192233 1.4402833217971702
0.7147975706218415 1.8328840585997552
1.0337836668336633 0.9591672027576903
1.1132675131433272 0.46967411692810945
0.933616448070461 0.5977647048791492
1.1302651250076579 1.000662197123081
1.1753213724207479 0.9904988718058592
1.108227752627258 0.31763564079098083
0.8801975070852639 1.220337802401627
1.114054936341652 1.001724928978067
0.3514637174421258 1.306726787551383
1.3268719290550544 1.3767341523355072
1.0207271768171573 1.005463461512363
1.3700062833969366 1.2265019818709695
0.3391990787515752 0.6752309725646324
1.0709776699518763 1.0551813802673213
1.1769509131465714 0.5721195046525545
0.7355724522744442 0.5704859678950336
1.324370654960079 0.7533880719512862
0.8677764611974469 1.1597236351379971
0.6520062232653843 1.8936669853366233
0.6934974058222687 1.232526079162195
0.9075446980223303 1.129178418106508
1.0370145378166788 1.0969236495321653
1.087669397270683 1.276687964143097
0.5480779237065689 1.5814027752249902
0.059186370093231244 1.1309534220982789
0.8236153576727041 1.5814908337766695
1.505007995914541 0.2967007901486255
0.9366169847424438 1.0273422829858583
1.1849836778327243 1.3733197782954587
1.4480069480737445 1.4721353175752492
0.7898903525498444 1.178496475064431
1.279457904947824 1.623573774144893
1.410880393509936 1.7508115658723562
1.7911002300538301 1.0360831663389982
0.7451902998115733 1.0603805375135582
0.6992152768882614 1.923615029131939
0.8098530465309711 0.807297283487848
0.5544060241464052 1.2698331438839139
1.3291933533591902 1.3163397292425298
0.17158962178911785 1.532117793461607
0.054219033880298695 0.9060907922596756
1.165388547305374 1.3429871020138497
0.6381026975228519 0.677880262627333
1.336815944984607 0.7331397703319458
0.7601808818678518 0.8079035402366034
0.8100170900365709 1.0067481024761231
1.2082285590987867 1.1831278649239008
1.362607825045398 0.6522036805493964
1.192164678561976 1.9229825661904028
1.8456581977595397 0.6836440218785055
0.4124074533820996 0.6242856093196456
0.8949656915728714 0.8074964459862336
1.135106225619686 1.0969834442497353
1.8869529419753048 0.9246228745221311
0.4384981502120261 1.5968911896225428
1.0293140382059178 1.155071763057388
1.3527053667958961 1.2604757146784513
0.46910966378333085 0.5773940668098547
1.34811075578412 1.310276824164497
0.31831382542454323 1.3473996008328468
0.5462705886608098 1.086752949098482
1.4181307985366183 1.106378433955855
1.0860601168915793 1.84353839859081
0.6573611970375333 1.5463726803754114
1.8003307660504626 0.6044699232974894
1.1713843939670578 0.3139184507556203
1.3912555520024483 0.9147089644719816
0.6226079037256134 0.6976034961327603
1.7282054796687754 0.4814778256259794
0.8078185738737997 1.2035596453308626
0.9151150356928801 0.8490288512448754
0.8007330252536309 0.5145407184717097
0.9948805180933129 0.9985145551480086
0.9425294513573312 1.0114517688760785
1.3534435168107568 1.0742635388132922
0.6817235251078619 0.3174014666384546
0.9576778911117213 1.0280419457203336
0.6283036034251361 1.111227093995869
0.9999000366386249 1.8307593184060509
1.0934291558789955 0.8258702444358538
1.0463203045359895 0.9672918804290893
0.7466099697852591 1.088925732330634
0.48402540609517153 1.5255693556099288
1.0134329568152067 1.0006817580440022
1.381952647464245 0.8685220622131681
0.8035837096585614 1.198210475969987
0.563338566520767 1.3759803307336786
1.0397885440510015 0.7488038483536156
0.45838361555982543 1.4204158392629167
0.9426861309547501 0.7693691587235795
0.9571855913572919 0.7209198619465444
1.0933641929106757 0.5151180219782985
1.601671053173656 1.7911569290524354
1.4674317263876153 0.2468252623247449
0.9852812952729258 1.1966662722416201
0.502783507679315 0.4978915360804961
1.55048819091367 1.2587432122933095
1.0237069554768177 1.1325645887012157
1.0297961702545886 1.0001038926270773
0.9306646347586885 1.0115684088964045
1.2448993850041563 1.1857624151031587
1.366039577320965 0.4679559898852045
1.14153556973599 0.9973453609560626
1.5899684223116224 0.9134523389203386
1.3653614850313043 1.6874493474463554
0.3344160752397273 0.5499367325662559
1.024651469065052 1.7588158638830051
0.5724021744439274 1.6186325671336164
1.2636156425404383 0.19651346488958266
0.661685853468643 0.9525673275134179
0.06897368280013516 0.7582737342806519
0.6534287029668491 0.6634529609489168
0.5267694564553931 0.8732349396603303
1.0495220967397336 1.1667290279522118
0.5226503553262133 0.7465257292867835
0.710075992549076 1.0597342057146883
0.32786733730672224 0.4244441339450413
0.8403168894086566 0.8673554473639049
1.0127038021578099 0.9243725858755569
1.3013041763097182 1.080779876101854
0.4315296743729814 1.7219467958766748
1.0627791745019155 1.165265611100662
0.31784259132613035 0.5103864000180395
1.097810777823292 0.5595708277267831
0.21234681320375404 1.4900098073314827
1.556806691284117 1.5474529217070847
0.7813331268380665 1.2702785920671236
1.079378802797723 1.1373926796898555
0.8986109357521016 0.3991218517328958
1.5074780648092183 0.5743324955666025
1.0918847072937024 0.31381760905053024
0.9426741431620069 0.6739071335322138
1.0377421697908007 0.6566136633702067
0.9944054525165469 0.9914093727534125
1.0779100174205478 0.02951331497364007
1.3301075706733076 0.8698654229980838
0.7085747123522605 0.7276928624770067
1.518087468130272 1.6397183240383453
0.9377049128519557 1.4383299405136192
1.1735415959908697 0.6220336046456134
1.0054811744689467 0.2867124856204917
1.0783119472932756 0.9112644699372708
1.1822391304556708 1.0839883490258428
1.2730645922422923 1.4085317275865816
0.8722884691431949 0.744260864879398
1.5825931151836652 1.2138178262662882
1.2477680839258471 0.5087744116106534
1.542571902027524 0.585506513153969
1.1634446462293853 0.707344064675691
0.38026432303186153 0.6384630501375124
1.3364119241741705 0.9075047139867075
1.6892614606767498 1.408718496910427
0.7086592438710362 1.67895758052234
0.5648126346348264 0.43261356964984465
1.9593327877991142 0.9430403861704979
0.9571610832362367 1.363056244697442
0.6873778984994412 1.3391577895559612
1.4469455419256168 1.5119983100755383
0.3984905670829303 1.2602581208442927
0.6826900340530255 1.2769503873647194
0.8630057887509082 0.06359560047086221
1.3155372660220959 0.7530149133309021
0.4801038986502818 1.1719991499867701
0.16256753723334916 1.0988861700934969
1.1654120604548872 1.6762512211519125
0.9586736475569688 1.2569529026101072
1.080593110331901 0.5738327954067877
1.0098988198076813 0.9702432795266175
1.1353942446925753 1.490625747306688
0.9929414852849077 0.9571320581360426
0.990846532046502 0.887013901893764
1.1341106372916023 1.0821119302431041
1.075108187833541 0.935237813353842
0.6657530717615296 1.9169562911011053
1.01261415412804 1.0481072586305424
1.2392602051288784 1.2895187321132013
0.966304014992628 1.0636479172689464
0.6221580393287418 1.3619176078832655
1.4548823485396005 0.9067550429903265
1.6375020698641578 0.837966450868945
1.3570316919731082 0.6864465943664897
1.4344788416374064 0.4056372693465825
1.0294035330208753 0.7881315680715281
1.152953014879461 1.0435469069003314
0.6101207899271225 1.0911045712524488
0.9580438597336485 0.824947365174509
1.0468633241451217 1.0061530902462925
0.822061573401367 0.785193855199703
0.6612638280173054 0.885406004708514
1.1748688210736362 0.2924988856942139
1.087307948445345 0.9783940799945756
1.8007680339183005 1.200418945034973
1.1973527148134515 1.3412994548687296
1.6017954447909775 0.5294576283086041
0.8154608771912215 0.3727491091279569
1.2108982251800589 1.9189789613942856
1.1663117744366092 1.0749627957855037
1.3206006242177237 0.541847782836225
0.31826456564829286 0.7686290854961376
0.5061360464540853 1.514705730116313
1.4087017960692254 0.6372631167735568
1.8844055041079437 1.0897407484551642
0.46303621415677043 1.4357609413775831
1.0501880408862678 1.5905803633480842
1.150906500535811 1.0292633998888954
0.9109798969816031 1.1132587634615265
1.1439867839690239 1.2233634234563826
1.0609732139376695 1.0669978698112599
0.6644519987947366 0.9381946473621824
1.3668728076696532 1.3261180010650688
0.63552556925599 0.6279573710888041
1.154514497413893 1.3190365486308333
1.195747736940391 1.22801872294046
0.5464239339685308 0.2712206704082457
1.5631026275259337 1.066570653123048
1.2978971529047048 1.4844572934612013
0.9268913699017133 1.0592809102961716
1.6127254474364712 1.4968854261306204
1.0950456160589146 1.3459139090412249
1.2824886738367542 0.8334717278794843
0.7829165327002836 1.059821050519843
0.8661781857848269 0.5842856938179521
0.48486532127780224 1.0158404931380898
1.0126091172841207 1.3951349125387884
1.6108874032380682 0.593252235820938
1.1729883366938603 1.18219983653214
1.0203385057835268 1.2480281356450613
1.0029178275910307 0.49385965405193877
1.0157053156988913 0.9598744211405723
1.0116626905886563 1.127565803366473
1.252630627810746 0.29896541298215196
1.1083958760985717 1.0640753250097876
1.0018766915275958 0.9749143677465433
1.0135697119870706 0.9366632121731189
0.6513527213401638 0.5144261733570799
0.6800820711414863 1.0532761277764995
0.9985241637992139 0.986252143768719
1.0048832010258282 1.6051143470125593
0.8621010461807335 1.027277559361677
0.8423145204006136 0.9255896349875663
1.459977220710809 0.4296556596495902
1.227875448988062 0.4360153286423962
0.8293354557970143 0.24110829700704894
1.3206170914560087 0.8957528175169764
0.6602414312248103 0.8703169339173515
1.1268207409796265 0.9974303140193314
1.655284207451095 0.928917736057226
1.3140316249446582 0.327230754528966
0.8281345521327039 0.8509966344207205
0.7620796452936555 0.6419723840011613
1.296349049116229 0.9926861108229312
1.005624676294784 0.4747719945803577
1.7175469540383776 1.352712577817258
1.0692138011888441 1.450146961491882
1.2205737003655477 1.9462764778423147
0.3749837317833091 0.9363389767184693
1.0243812181578857 1.0228776264324813
0.7815595006378572 1.0660110313820428
0.9888120207752018 1.0295194787538102
0.6890416355887509 1.661171107278982
0.9485909343709233 1.2081742305561212
1.0258564718781065 1.0076904333198835
1.4162803861424786 1.0432964628797428
1.4079838547504775 1.0665327106602907
0.48613841793937174 0.3656381164728647
1.2904265096548164 0.8279106586881844
1.0240460494583898 1.0239108868003435
1.3747838216545494 1.6157096192065654
1.0275444150301811 0.9206170016650063
1.8580413756222178 0.823550232851607
0.30454439613881734 0.6412824352933402
1.1622599354441663 0.4963006828041333
1.3068225805597107 0.9345981795064945
0.8602676250402301 0.8338710688614366
1.3895858366838796 0.933315977709881
0.6769745292647117 0.7962170202586363
0.9962441049071215 1.0548758249154015
0.329258401040727 0.5388225361192147
1.3699801336005208 0.9232883907676545
0.3530737988733016 0.7276538498976648
1.5651394747851501 1.423028983036235
0.8148405970137261 1.4029009615211756
0.8199393817912424 1.6591787855614946
0.46428771403456004 1.0751552099569808
0.8098478330782101 1.1194020528679667
0.6396096938353979 1.0320116814360436
0.10062456832077582 1.323439755511001
1.070092733351481 0.7324020094765613
1.3980896544542705 0.16027035030046266
0.5229471679148116 1.5229112753718814
0.9450133641649988 1.4396590330932777
0.1933295601060563 0.5649438723106014
0.9522809595012663 1.6093997954717776
0.4954555735384307 0.21165004838479007
1.8774596945528144 0.7025523550714804
1.894064343100757 0.7824283080852457
0.5902329819375116 0.8691140908676425
0.6973561766019796 1.0938593105735128
1.1595344462959158 1.210745697859459
1.428781351598929 0.4482401636850568
1.1694717578242733 0.7312416204356897
0.8530942772549119 1.775120774021326
0.8029751976503477 1.345395201500382
1.1578104445860873 1.1275823569187706
1.6535657416000833 1.559541693319661
0.36207568594550177 1.2809045206162826
0.08423665574688333 0.9999652545937727
0.840600559560384 1.2032351612025738
1.8675838441460884 1.1701408401921671
1.2025191196297773 0.9853584079340868
1.2412030337163855 0.5293544393545396
1.3559138729249776 1.43193562471485
1.089593339502147 0.8052151027437994
1.062991603446496 1.39842191776109
1.0454877423253963 0.9978882276812386
1.3424996015695265 1.3413693601552743
1.3235367271265468 1.0807013264402867
0.6435908333132911 1.2560162145011367
1.216692769569567 1.6688912704599423
0.8743217068528173 1.0294041454685974
0.2887029794617312 1.5639163480974014
1.1253511079116603 1.0411602764753563
1.765891169845362 1.5587285686095829
0.8483467615097033 0.8040921245816774
1.3657281607823057 0.8185805865690505
0.9265392822006482 1.9338183807859317
1.006382950756798 1.0127428085581736
0.3071872291462846 1.6821103664582795
0.9730245985527504 1.2953189325463572
0.8306398417092205 0.8353672728415578
0.6767421671409667 1.8369413318329428
0.7868779034622881 1.4567542243150275
1.0360710757677745 0.5028173862453432
1.0270243580429363 0.7284213266615078
0.4469060196466811 0.85837436767864
1.0060540390238044 0.8298436463584382
0.9501195198902869 0.8701008228844908
0.9620220099333134 0.7556290154879336
0.8853078723624678 1.5340467557667767
0.49254973450593487 1.0519305604712301
1.472940695624997 0.40378476228120286
0.6357806420281014 0.9389894540627057
0.8831500687379339 1.0074714545247716
0.7037200303002831 0.9501291704490149
1.0185330090303233 1.498026707015187
0.7641420663496425 0.13317738447830185
0.11024591171671694 0.9168358619967463
0.342626183178652 1.1794464016513817
0.2875534207000682 0.40162487026526594
0.9147622842284576 0.5511664069275364
0.8629339305620186 0.5518387079140515
0.3145691734954429 1.3960859877008926
1.4098513445742178 1.4184475696078018
0.8836175093705366 1.0983359039852294
1.2865101298796868 0.8672034641756231
1.3951208038996383 1.4156132793939968
0.6970031006993338 1.1063458362115748
1.213445073604744 0.7986768433115146
0.8097350764540507 0.8129323388321419
0.34177905787002205 1.0143996882608093
1.0282465909434 0.9626922095336259
1.5041351638237064 0.4658611476961695
1.1653638147175847 0.9879083274861563
0.5606883373347966 0.7768135731860192
0.7189926811440248 1.4390168706704194
1.0805321343144407 0.8916427160376161
0.4576430302983696 1.0759249474666412
1.1138707498020224 1.0036581401289852
1.0203582708065717 0.8130398430016409
1.066260067834204 0.33558696646573594
0.9515526855614621 0.5638328972657333
1.0507388061785932 1.23149736917146
0.7302505235967356 1.0649515854105043
0.17458034183368754 1.4927354564368411
0.3724192523938096 0.9762351825584894
1.5444204863331734 0.8593416257072571
1.5476953458160552 0.6589792433184769
0.8489412000770192 1.2739719329471932
0.9981222182912554 1.00338535958431
1.463492731845244 1.0194980249326662
0.9423434226259135 1.042234681340099
1.4287873535914777 1.151780385183755
1.7120383302895688 0.6176884147629951
1.4443383194870258 1.1503527614900333
0.9548549152998242 0.008417675645251421
1.411726305530686 1.0200682233752336
0.20841223384228114 0.5681460429898313
1.0982262774806835 1.1615851011652227
0.11522766442790922 1.0746437107016098
0.8071310440645352 1.1330326122337697
1.3283432524008827 1.2112505142885697
0.7127290776857864 1.5395866947798043
1.2563980033599593 1.7521468309207069
1.481747342079157 0.5829159129331509
1.1559072983341778 0.859752475445206
1.8020203706086022 0.5641145828352667
0.9226383032179002 0.33086660231211307
1.4518621766214728 0.29019694373462945
0.5257989714302065 1.1994909309851767
1.1163888403560507 1.169959103088669
0.5232128267423262 0.6391652109824175
0.8709250741264611 0.9458944514574786
1.2637397420552219 1.9360351579015789
1.4338223314299574 0.23947040032237066
1.5177518357593822 0.15838028570425366
0.9471148318306636 0.019217138138237333
0.714384168144079 0.8822500455294418
1.4106185545954606 0.9220973003409016
1.335934322386451 0.8564940274718514
1.5321646863383425 0.704540836795883
0.3007792780811681 1.0177328080748058
1.7667295307177533 1.548392270297756
1.1556538169142307 0.6909333432566886
1.4323713751029923 0.7081097443475737
1.6916900870513105 1.5103758798576288
0.6766022049955237 1.6723608644196326
1.7684741220089064 0.6343295944167322
0.8867530868904917 1.3068879119529
1.8102711867856653 1.4533249316007972
0.43415124623159373 1.2477742908259677
0.9762564199079911 0.2500988638693352
0.49255133555453445 0.47140856764275463
1.1143236601464521 0.5197324803233668
0.6796207790960205 0.2789893121272987
0.589327654693404 0.9243285208865413
0.5334419651007738 0.42854200660358543
0.6558728726509617 0.9087148134525967
1.6720878404269537 0.867692335914652
1.9166659215181883 1.024142094770413
1.2790705335019008 0.8928837873450076
1.011333279124194 1.8807033071565653
0.18965607911670412 0.6342010672328635
1.274555613855908 1.7446120385105623
1.0075866958012538 0.9953391013634107
0.9677205970724472 0.9898619605910439
0.6114687596870143 0.09962513468849465
1.0878541660705627 0.31369832852277046
0.4307841132917051 0.9557078509923853
1.446122567106164 1.0596377403422998
0.8674056979173149 1.0821475684699235
0.7379732215430324 0.9214975462451951
0.9128638789808415 0.9395849610792658
1.0540176539780235 1.1201483934758008
1.6059171943507147 0.48857998600426855
1.157472364093753 0.9869174090469919
0.8221412958851173 0.4508227753906874
0.8321524043887436 1.601160286620214
1.0195348468941583 0.6319701442057889
1.5900999702475134 0.37664481237099945
0.13805062050732664 1.0883673836843464
1.1447001108064723 1.7533494296037142
1.0846848797933752 1.3819492254409431
0.0715317955535254 1.107407521805646
0.9514394171160319 1.284430723861987
1.2375177852877528 0.7177854379490178
1.0544535989969264 1.2501044652840574
1.8080152415289232 0.777571314532586
0.5030135899470314 1.2959542707614835
1.3102003171682224 0.7463316699388489
0.91609843693484 0.836012740751241
0.9222925018566842 0.8510081295323328
0.7828214729391801 1.5977386841905605
1.2270623090506034 0.48810967020361207
0.8179105999206715 0.368060095897373
1.0901135577208836 0.6978932579195806
0.49605931289476035 1.2528272634559494
0.7773120712769783 0.8008561734402109
1.0009897695943712 1.006415011850997
0.4928359356615848 1.5013377810204747
0.6605857355608523 0.2938602894470014
0.3651614540762689 1.2015400198841844
0.9379211025700851 1.0025472863069147
0.8738948196732098 0.8855437380743669
1.0955443784598737 0.7530107597157765
1.1402175992995016 1.5437592227117234
0.9734871927977905 1.0222314441315261
1.0021872446958278 1.0066650606773955
1.0644572413100286 0.860212721242611
1.18910652864686 0.8400787559687476
0.9752655841078162 0.9985049471671327
1.1750854375035125 0.048112969259662575
0.7004603391368787 0.8506911431166646
1.2037392631162416 1.0791306265141212
0.3421234576308064 1.5087116059899541
1.1267072282733173 1.0423572239845145
1.6905416485549156 1.1615567174581996
1.7071874320388725 0.6875576639952903
0.08572948575488859 1.307149644335367
1.304728388449555 1.0065051964561853
1.1099870472156028 0.7956399424205578
1.1331818210637723 0.12026139995101548
0.9860013085329755 1.015406913040799
1.065350247386353 1.5760596978572898
1.9333848769182678 1.311662600511683
0.8536257247180117 0.7964780285243098
1.460353711024576 1.701685235789172
0.9034771004625763 1.0244187284201471
0.2501059423406242 0.6693251704964243
1.1954015697618974 0.5252135375249283
1.0856303135284275 1.0210170964929357
0.8754424091160283 0.8661338150945846
1.1801308942745161 1.3278960038594634
1.0974310398246263 1.1477035370507331
1.074662552038715 0.8139132039027706
1.1013628789645329 1.3065641379622632
0.7025373989244705 1.358641067403605
0.42822642479406126 0.7116048843888471
0.1864609685837345 0.9796872177681129
0.23501877798576964 0.9147961784990125
0.8766788182604441 0.8721593482643375
1.1836016957785787 1.2395319636820288
0.9159117844995445 1.0949219528809844
0.40191533845139094 1.3018752954105737
0.8495450760924248 1.024748824929307
0.21640851422187413 1.1322196315252155
0.16991973928268134 0.9398913695447351
0.09630647338626341 1.39676355574133
0.24062935444443334 0.5337613024957273
0.5055726079812999 0.4906917276967915
1.1854253151424718 0.497290333302811
1.4602550053110337 1.4923060165653936
1.0596102190906005 0.9422535433114867
0.6041340539548734 1.060653103884198
1.1663789465677907 0.19518245811921253
0.6525204242167817 0.25420668856502804
0.919469309454956 1.2460066755369872
0.4330266985412409 1.4404403022166237
0.8263204803028179 0.6669412462259574
0.2963774931633594 0.7100533896328723
0.8646988383510185 0.734511012021532
0.4212496476698879 0.4835027673660509
1.5676247110185446 0.40452956622450165
1.2611108795804113 0.8149080115524251
1.5145122426538435 0.7395052565176008
0.9792531015750686 0.9128218301877327
0.861067385872603 1.1366073247840567
1.7100410226381602 1.231013853294153
0.25745474030613047 1.2768942397049798
1.6877405857239824 0.9261752322011315
1.1714779419008556 1.0661261975401866
0.8747045451267998 1.972997793228025
0.2526901824347503 0.9476059564752178
0.9906302794653041 0.9353310683191666
1.1529867576728767 0.4285144798301217
0.8718005162006679 0.7583948173398944
1.6327018817469667 0.9176045039638008
0.575410837915441 0.0951213139224657
1.1222060770088105 0.3727083935204012
1.038875466655789 0.6389177706016456
0.6039512923350306 0.5482110327837297
1.5776488444353205 1.4122669406961461
0.9751348802733885 0.9667969898688327
0.8953254030179605 1.6824375417780617
1.588788068387069 0.8469788636188491
0.9625817816742631 1.8219043867371456
1.0101870241284625 1.0066842068789899
1.3411490249000406 1.1342419264076669
1.2534390811790783 1.9068509420498518
0.9527287977142214 1.0576231681271204
1.210584728604535 1.5663907730707876
0.5686178673939493 1.7591698698466802
1.808277301690448 1.0339525627053652
1.6121009516234817 1.5400758424382643
0.9750429260911273 0.9564405992021235
0.2933172355380509 1.094309824758208
1.7876070929907801 0.5944947410120999
0.3222021321837052 1.0399485583490955
0.9943606965627905 0.9920327003769494
1.2426366423598594 1.4215777556628184
0.6072748783529742 0.2904191045833897
0.26332810806105866 1.6644823073735848
1.4295493807438693 0.22459982492333552
0.9034022288501119 0.936834957172952
1.7509898151390209 0.45927767798719477
1.126643948869852 1.7953730324299935
1.6035878435051476 0.8484088260974195
1.187040980212267 1.0030565742583117
1.2957100329404376 0.26917967751071725
1.0764260629248807 0.39400298067371686
1.4335645904059997 1.4597148822240744
1.4531899461685656 0.5473846235932494
1.2393084459655896 0.9079980397187765
0.89837248598922 0.9527479423482758
0.7785170802995682 1.7525948454207065
0.8090259204512535 1.1896111979758595
1.1334336291426261 0.9128198485397929
1.481061851361732 0.5774975773216633
1.5514870982529785 0.7741275017324756
1.7552325350684903 0.906933123450637
1.8578374723476547 0.935906759719399
1.0588452794267158 1.0201449858624743
1.0286527920296509 0.9729694866586734
0.808400144659464 1.1603572659071446
1.0118605600577426 0.7683594455823862
0.7271412772480084 0.9369814792176974
0.47521039572742685 0.6416417364388134
1.4740538574174114 1.3680631128438232
1.1663708044015006 1.8216461635566268
1.2308217848022294 1.6281455783340681
0.3569803548585023 0.6501904681972188
0.6350680956760283 1.819912643543752
1.282975756774349 1.210636034982501
0.9474211351828353 1.0018234661789773
0.8837415676931037 0.9346622221646039
1.8319812833125646 0.7523054529321489
0.8208769295710695 1.4675399699740022
0.9803783541602943 0.9447315171515747
1.101807907779212 0.521114165155272
1.18923060632633 1.064950132294521
0.9643227850520113 0.9511483972481933
1.070661406542092 1.9581987588620002
1.0149274480419503 1.104587752012615
1.3205150819665596 0.06512230930904872
0.5654586411805311 1.5596045352892987
1.2157618796034262 0.7291124281973895
1.0733812668473124 1.0335411983850809
1.6570623549240677 0.5868446564495731
1.7354440405457068 1.1035919240100134
1.1081070785386489 1.1820549212165874
0.09185251973903663 1.2332850412234044
1.5083315768950372 1.7630025765975244
1.937298440454584 0.7476581543374156
0.9207744001121958 0.6766548435811939
1.091377779941064 1.123057993106074
0.9720228532579153 1.224699621849011
1.2395803360404098 1.175238609133533
1.0011728735975576 0.9929674182961917
1.2165138357493892 1.1227719329620753
0.8481650020324915 0.9917818704828574
1.7709681330058855 0.8098870253997207
0.6073531841417104 1.333313988510127
0.7308392179933436 0.7735838085765911
0.15559143127338915 0.6174644878512393
0.936303856248015 1.2880162665204986
0.5194981879066036 1.7610309007076155
1.3290301514407703 1.2042144657317648
0.8506694583684103 0.5901452775673772
0.5115570802491873 1.6181992494255337
1.3318182664976623 1.8501966946409327
1.2896692509165275 0.8822895523021088
1.4764465677135774 1.5974115239971232
1.0780568675734836 1.1311997402105098
0.7832925725386817 0.9771238152100856
0.9487158471060724 0.9948937845064941
0.6379074377807538 1.5376562438225083
1.012103957680242 0.981870275820778
1.1777817601816296 0.8829743397340915
0.9850962640378997 1.0369021365173046
0.7256790634334804 1.1447461401303607
1.6485245473882317 1.4709107668667094
0.9487378437986415 1.010070312723224
0.7406490842448894 1.4775059159974049
1.355428074489002 0.8445017894370377
0.8704990693509723 0.9520139092566693
1.3711246927180276 0.3712621135187917
0.9514891072482494 0.8501172118671714
1.9127472815898656 0.7707308255702671
1.0901130565140802 1.354248763285275
1.288122124119597 0.8741807577856165
1.0811766179688662 0.876387872082048
1.6878911330378785 0.6963580502131569
0.3277205952652851 1.251109461302156
1.6700246474421503 1.132298464383747
0.9778815340276257 0.456779239215822
1.1705036179541326 0.6432422775763331
0.9448725138028997 1.337602889202509
1.0581299044283803 0.6467390565936402
1.065259843720665 1.1273158932151972
0.24067005458273472 0.7471422387177766
1.1472876074235232 0.6283689420340355
0.9335203607907214 1.2792410011603264
1.6993340946106268 0.5331777844835646
1.099564244602244 0.7443957272886303
1.7515053094313022 1.2292594305158417
0.3325028554591998 0.9820200774435078
1.054057785085285 1.936880670494432
0.8092570538333843 0.8996857994823191
0.7471245494183119 0.9597567783405256
0.9259894270291738 1.1469225689938143
0.688346136629801 1.1523546642493823
1.9290567079205225 1.3225966193231944
0.024549511908969146 1.2045508956858564
0.9839963396763893 1.1132735362975157
1.1528782733301004 0.1716856459591325
1.297974803491023 0.42017606197049706
0.32784094710806433 1.6255248645797513
0.8621613180848887 0.4470031092878194
0.25687098515852025 0.7490349168592099
0.44225884796284587 1.2616642014721329
0.9329630967480346 1.2022625193569836
1.1518036771119038 0.7688475298101249
1.8135492124096793 0.4940449729336712
0.870351120370012 0.7549059258048457
1.7101482102481775 1.6451317205980311
1.9318721669318684 1.0339445796174707
0.5695255008316873 0.874167696010733
0.8496885578705115 1.2330407072983194
0.6450431126126319 0.2753104192478746
1.3238674312339755 1.0545440462277476
0.9606407843198593 0.2917886770155086
1.001921827721358 1.0050525083020392
0.976413179868676 0.9811479789071303
0.8427413347936582 0.8536842016764055
1.234471051717507 0.9970416129861852
0.8238012918588749 1.302770102623359
1.468536252174903 1.1220345453668152
1.8100298533122472 1.5767725542140707
0.508395623009368 1.0491515802425069
0.28924153025382215 1.584541637867921
0.9209934304670582 0.7654357288043994
1.4796862959736081 0.6602263357525269
1.0368826559135453 0.9768504690761265
1.1824102145209696 1.089988692762039
1.9864641768966318 1.0619525651154158
0.9701769503655556 0.9370787742560769
0.36548270703599306 0.26948714032768595
1.3807324588430232 1.0908133731642122
1.0686662982250732 1.331300544278075
1.881930798801419 0.7295079949952716
1.061796231605059 1.0277715740518645
1.459332852426847 1.701924170092333
0.5387810189473998 0.3354554315345941
0.9939202354762111 0.9957892181671042
0.7938848233822495 0.594939759288613
0.6851432467642878 0.7853746630811256
0.9757452796347137 0.9722906705582177
0.650690020555663 0.5153238400034494
1.1647804439636045 1.4229942200596553
0.7664472602097545 1.954862952539167
0.8066304862778516 0.6587776401405149
1.0173602478916726 1.0704729664371353
1.2941531165017892 0.055494271954048324
0.9909642494235431 0.5578752706437259
1.1823995734034414 0.8511253988270278
0.8958548683087784 1.066349045452358
0.3551514862898404 1.5484499262985505
0.9797486444334493 1.1160034798770961
1.3520476665107999 0.9368116256888066
0.9181126143808365 0.44427533083343473
1.1672751838772815 1.4565096768652104
1.9024215016605033 1.1056655286400714
1.2751326146447792 0.7234916969611971
1.0470521376956703 1.069843565672803
0.7826217825321383 1.2196703203582802
0.18367387261700607 1.4927425627883315
1.058943321037289 1.2089529581249623
1.5696471433906316 0.8485785220182002
0.6790161930807451 1.4316895990764618
1.775353984191132 1.018753461685635
1.6075670020057826 1.3030368572366318
1.8816019821696168 1.1429794026974767
1.1244581676679783 0.9911756409847549
0.5803890129125248 0.26824590107371893
0.9414580309813195 0.9212779536634292
1.801599397526875 1.4931629216953048
1.279839354241616 0.8016164561962484
0.6806505679066459 0.29614625786100424
1.2975584723810705 0.7099341110520002
0.7808017796198407 1.8389667966508783
0.025320082186429116 1.0550432274630976
1.0074838130828248 1.6396059823328402
1.9516957799775954 1.194637434707018
1.3576808775766014 0.6615100762324857
0.7378746624448727 1.0074619074744378
0.9331383424299554 1.1097749751966584
1.2085903146736294 1.0535637371331434
1.1165112807832007 1.0007278845187753
1.002188022939833 1.0027912398092949
1.4885924812514562 1.0291878896032987
1.17806766387117 0.13607732395852068
1.4987826531101303 0.5165969948561943
1.1034955361632997 1.4932605547825446
0.527142568305358 0.7742387427710031
1.1512816070114873 0.6118750618376988
1.4541570728321007 0.40159747056232786
0.7906167772984425 0.8792356150254534
1.0237454261412098 1.070979377785794
1.3808239487962513 1.5691119008638084
1.5645934935419137 1.2717553367929917
1.4293507238224485 1.0897864479986266
1.644967293280931 0.6348432401054086
1.0670164351888949 1.245669861420018
1.1775437163232942 0.11396918542900802
0.08147404448901807 1.1842019255265404
1.7424596343609204 1.2755159566528333
1.2236178264968125 0.2500028723722514
0.8890746856535091 0.9753019872571808
1.006189607681283 0.9590025105750188
0.5291973892647328 0.8302546753192779
1.2886688843293097 0.964344157624944
1.008195310635345 0.9328108727034174
1.2140522404449499 0.8890317331450388
1.034572019829516 0.6291287293373136
1.129162700342857 1.3470336353972603
0.5997026494505775 0.9026042450476908
1.5420111067031166 1.798233139975411
0.2338064736455545 0.37243865912393226
0.8164899352134962 0.43435636364598085
0.8076478790928563 1.1664787134369587
0.9467598586964601 1.7852294499615677
1.02875820771387 1.445721346462454
0.36723804209918753 0.7488339026361297
0.35004821009607334 0.2933431373533748
0.6490589729586768 1.65062701270497
0.45821924399353287 0.7701909052450026
0.8236148758465844 0.964045318171919
0.5558614060872717 0.8662306682212734
0.3620850080343827 1.0531685461427804
0.9149236148981197 1.5405232960688244
0.4441368363633751 0.5172178709709907
1.1954388846897885 1.668496695659123
0.4054849006074587 1.100238242919033
0.9792656119796561 1.273013710443504
1.1041644543684062 1.165519827170694
1.9709606293108601 0.9288106234264497
1.106031686860746 1.0766536591324327
0.9460211527199565 0.9895826296709974
1.0125897899743508 0.8981783315835129
1.4418632090167 1.038694806164128
1.401087582687822 0.7730984439392568
1.230248142919046 1.0112872246079316
0.7390814644222192 1.2607046573816665
1.9352459144405874 0.8773645177392976
0.9672944755734679 0.9435409007172533
1.403144671319293 0.5745628665481566
1.0053160559788419 1.1480244301636482
1.3354455640115674 1.7899854481878483
0.8507567068924797 1.4480810995590767
0.9869129911734805 1.1427602752431085
1.081744713898658 0.8128629028142538
0.9562462329209922 0.16518432182254916
0.6901284326091803 0.2465240006919306
0.6953385701602696 0.9014460441353299
0.7232819680920155 0.8694884071262472
1.1556921162159022 1.420988988645112
0.9269124737899539 1.7640228509586109
0.3470763796976569 1.203897051417344
0.6840583448690727 1.2987917123188928
1.1248170022227342 1.0930674111991212
1.011000920179946 1.7842874776269473
0.9683483454285843 0.2303876501809924
1.83477159887866 1.097611358994588
0.9492064208129304 1.14989391565573
1.3104936190633316 1.7298360197290528
0.6336131643963656 1.5838292203347013
1.0537993246542912 0.7778397784941514
1.0008910396342106 0.9989513243498157
1.7195084966362382 0.7533250339711018
1.4469613765932587 0.7899568718725277
0.434750618693594 1.2486946129867325
1.0136869381503355 0.9991679839176533
0.273061615135747 1.3004960979623341
0.48472736030893515 0.8744762332075035
1.2459795456538236 0.4009198517327318
0.26376755088315973 1.5799952528869963
0.5512707513367674 0.5472351496399275
0.8193490332793523 0.8333881375130024
1.3754073070371557 0.94926890493956
1.191757961825203 0.7158063056913766
0.6869656738192743 0.17815917369481993
0.8538264462124304 0.9060937012826491
0.5397344516750687 0.2709281431795625
1.6534174810210729 0.812942572666759
0.985763526766791 1.016408951743504
1.063915976430102 0.9669630408635876
0.995574054051645 1.0192562271397996
0.9502998660600475 1.02623528006406
1.0089942293155818 0.6706033227385757
1.2356291172336187 1.3638518417894798
1.6104695437625018 1.097471910875286
1.0110556062866844 1.099694668035973
0.9659692409849068 1.2145812115045473
0.1561517204388384 1.0458161407223407
0.633238705928652 0.9398212357103675
0.5882226188482578 0.7231655718902168
0.6517333076545329 1.1572739779162688
1.308224813548261 0.1387443615845605
0.8866946554896872 1.4443259747938793
0.9625723372762341 0.9736459527191027
0.9230817630627981 0.9572434685269581
0.9262038280862838 1.7376319544622176
1.716003681439994 0.3197580677672832
1.2072577426910343 0.7151036814776334
1.24352724297568 0.9088698365213644
1.1074705811932881 0.8969685045947239
0.8427232147805374 1.1212680912758064
0.6136951118058351 0.7259734240708262
0.7053816146158742 1.0561593607680804
0.8793742434282642 0.8972001120496212
1.3811780884800513 0.7960994157344017
1.1220423527758423 1.0744438634575126
0.5351216633859341 1.6291968335157625
1.4195487047072264 0.9836215793544618
1.105997748318266 0.8862837613582517
1.2125348096465878 1.3444968031719262
1.012364826368389 1.44176087438758
0.8879737066818688 1.5648625667269953
0.49381582227813914 1.2741702645302015
0.49778018839146465 1.5750511912284404
0.8925709804685004 0.9672143285571001
0.3918386811839286 0.5081177742951946
0.37060354781656424 0.9534878829143588
1.1893362619521046 1.0340094270982945
0.9860064270061376 1.525478213977769
0.8526752078541675 0.15765164144629706
1.3789613284896904 1.0951083590377373
1.407803147975331 1.4411663144781284
0.995153701573787 1.1342649579407453
1.2506958730875755 1.7280843736714995
1.0062059483458572 1.1494307005252966
1.4915689889231973 0.6440085563254556
1.2903863970120741 1.2197373645052327
1.0073677472840687 1.4828352927454262
0.28243856517996846 1.2344581038893465
0.3522262583738871 1.3006933211916674
0.16941267602410548 0.5200548116007773
0.7063912090425604 0.9487102914786306
0.2849622746870355 0.3778942210471926
1.1024177704406588 0.7850284728379752
0.8238553099856001 0.721587524054903
0.7529378026044963 0.9389370557112353
0.5086659719998303 1.5740783792982125
0.4771114306806321 0.7426721357142818
0.9518685715775685 0.9656328619640726
0.7505174357949251 0.9559344124579603
0.7833305139438144 1.041828877720487
0.9085134017827526 1.7067908294980185
0.46498810885747344 1.8319485004780804
1.8989075156972532 1.0283743762019935
1.9678105397975032 0.7496963109004693
1.1780480995568896 0.0980981330697358
0.49670157974666107 1.1679103727811198
0.9877476622565644 1.2786988539528032
0.8781980429024869 1.6077233648696225
0.7716100702257579 1.016264027955303
1.052337008762947 1.1098362696296373
0.8527690781408029 1.010415622362111
1.0257191861836337 1.4255071169377587
0.9806004500807759 1.0462432461252023
0.015020379632610159 0.9342152097782104
0.7555632435640591 1.046568175505433
0.6618434244092999 0.6232981193134932
0.097264512312494 0.9047808666894163
1.2460651477166629 1.5590509768360332
1.2977152400786804 0.3245288362901474
1.02159649940245 0.8773106730507405
0.658039898461315 0.8813431534575691
1.5128126133103152 1.2726974297334044
0.8151203941059837 1.9154985178325512
0.6838362937713609 1.3299140108210126
