#x y
1.055567945862384 0.9338997701303583
1.3218397531769046 1.188706716013788
1.7072276910612216 0.6145786781266489
1.6672256445830929 1.6706913565743453
0.9369044379908469 0.7862846511627971
0.26636768363111574 0.9126856022123256
1.0446094723878452 1.7943850622919593
0.9738357179172744 0.9741642385650507
1.6201125960311775 0.9108932480472802
0.98887918492386 1.0356113511622922
1.2465058265381364 1.6581097633643695
0.5710153541975438 0.15526433804367168
1.2148515103277877 0.762009446800771
0.5758222772321548 1.138453479085791
0.8341426092268278 1.4757082344856358
0.9519862669614677 1.1203066149317955
0.9051261420136666 1.2349167504351355
0.9435122222461387 0.8130966079101891
1.4824909114093074 0.23558213596859456
0.34835579008908757 1.1646034523596778
1.744205442735539 1.0252129615581842
1.7194303413056127 1.6618034939219644
1.0127657049126917 0.5882861721341431
1.6758497318158967 0.9719387184461928
1.1106075744363582 1.6826396497205944
0.7288423590826583 1.936968025291549
1.7537184910248256 1.4903645003385182
1.231417025366503 0.44528812822243247
1.829234455047788 0.5944941005461106
0.752757667803028 1.1954697838451553
0.891225220451168 0.33952256210367837
0.705550963086468 0.5268875045436292
1.0997299749985898 0.8048616671146779
0.5671755272534562 1.7160281011826686
1.3091101889731334 0.16924827785717378
1.0493143002043972 1.1198787239236947
1.3422318668117206 1.0677284027378575
0.7850507554688783 0.8326028509831644
1.345703941420931 0.8300172356595489
1.3183884277588647 0.8478406545263052
0.7928527471526416 1.4849783649405572
0.8500894838038677 1.1909629757895646
1.0497828918340213 0.787013440571819
1.6219938619532481 0.37818656408772156
1.0036684055263576 0.9432485262074798
1.1952896081200508 1.133494998960027
0.6820374215436544 1.7029924609644604
1.0282383449561052 1.0402325971702933
0.49843940029089295 1.2751161173876506
1.1150058567677996 1.9130885545716838
0.9411023220865797 0.3914693942209555
0.2629139711942655 1.1193556392328514
1.3171020450239346 1.4954107959816894
0.6925546460812664 0.9897208110642585
0.8628434084537129 0.651023567725797
0.9575843199654205 0.9785493517173991
1.578447710963609 0.6054882496280501
1.075074523136053 0.849677286854392
1.3671354045148663 1.4174011316340778
1.1843662531612416 0.9240514314725377
1.343443700077724 0.8918599581002318
1.0849517800877047 0.8948236627395448
1.2910984281006437 0.7875960573920602
0.6262958036259951 0.3119343154272588
0.2983986840984638 0.8504159144424097
0.9319615058599222 0.7958430476697937
0.7770568254405885 0.32209691582596145
1.7308325764950745 0.5866586770491973
0.9598246863539023 0.8688319876139788
1.2888875193446245 1.2638446282574851
0.651460819665826 1.5463057391230257
1.285513892409279 0.49548199247550795
0.34901160463872904 1.7204053330862106
1.7143548740312058 1.1615591746354934
1.7036986534917842 1.4312300099928856
0.6622789318312313 1.1270804197102204
1.007203578276023 1.0074171316603842
1.2186213050998138 1.0406786882498171
0.5756715875217164 1.7772493436847114
0.31102627055681686 1.5103836330720462
0.9793332257397818 0.9844800589946759
0.5149140140924626 1.3643248194921558
0.9834144155253919 0.26871686114486315
0.690918104798844 0.3693000684731942
0.967139827572802 0.41385900799416486
1.824313709419633 1.1440227646355496
0.7245750022837082 0.30307311851960383
0.9233563931081632 1.157064355045767
0.8530089722519649 1.886233160054044
1.4943165740211208 1.3546353122657504
0.2250273996196075 0.7754456079776089
1.2411137972941444 0.4007771504432215
1.3623444441394792 0.8577376415658985
1.0773063935922316 1.25701193692945
0.8069744394805599 0.0673905639098682
1.890603242978 0.6322024476420807
1.1025825069511925 1.5642294116158797
1.7902117961418864 0.8771090985682741
1.3424014999181648 1.1217760078933887
0.7834335351389231 0.3878040711951254
0.030219816851865033 1.0663897226024597
1.065573719832006 0.8819717140393848
1.2749151938204895 0.9331170387968888
0.9749377978385465 0.46724547312641707
1.04381333324712 1.1181073018967693
0.7771380067960998 1.1893688600937162
0.662047433558216 1.55735377318961
1.1525042556270004 1.7666432817062345
0.900104516745039 1.2274566075703008
1.7153035972635466 1.2889660697075227
0.6705987129129245 1.3734382223022679
1.1947183239524255 1.0557929462690578
0.834384321361153 0.2509449833964741
0.9499149872388583 1.55598312057802
0.5297301401684621 1.153027989180958
1.52842956742125 0.3201794844871505
1.0884609500624938 1.1612815820127027
1.2759199260319463 0.5294382225346126
1.5056799121974747 0.4495850004486718
1.8380220081432805 0.5665799834759799
1.4185337867928896 0.6827573283740513
0.8524690447138812 1.3218715321616346
1.227606966262707 1.2499163574439551
0.5131671684033521 1.7580750739344138
0.4033781952915382 1.2804618845094455
0.8422374046275312 0.9808872419812787
1.0992594960658695 0.47894293134361154
0.8289965794509739 0.24548625480731934
1.5150644913720055 1.204478640325947
0.8492985827636733 1.8854592293164079
1.0506890670758677 0.9359815317534586
0.42736651465008957 1.5575775255448736
1.3309918747124536 0.25617592929623023
1.0952697742457742 1.59707463092133
0.06084602729744626 0.6819155613968757
0.8021137597679731 0.9002243816535466
1.357718168495346 0.8920725465176873
0.17018029195237883 0.6167701762202584
0.7640557060025821 0.8496598853337738
0.32225932809409086 1.6097904731754733
1.4154251713190185 0.8191526738361621
1.4865697399301379 0.8641538321080933
1.6452901969998095 1.5043996706173188
1.664729431408249 0.2634802178113299
0.67297447282999 0.9663778808745149
0.8512910611098135 0.05322691261490309
0.027475273558966506 1.1695915151671836
1.99433608513249 1.073050783623052
1.684563372538907 1.397130683049002
0.9167463547636598 1.3423905225693817
1.6091908484614694 0.6323288386044754
1.2205005743214248 1.3987780516198118
1.224764552955528 0.48712598242020444
1.243469326262765 1.5577909296212693
0.9753245288848073 1.4671354172778557
1.0403499225004356 0.9108523980272221
0.8846604411609723 1.4015668564346933
1.4874830375809893 1.1999897452798232
1.2282338463439644 1.6273589033972717
1.0137542693030166 0.9873608175085777
0.7670571437123088 0.8276800540830651
1.020383603335248 1.2140886640469737
0.2712870971167026 1.5486348299359167
0.9780684670127494 0.9316900645770024
0.6692887629095157 1.431025462769653
0.7300715493156038 1.73574083844917
1.0036663666609016 0.8659754303583227
1.8356667679707404 0.9904254799777291
1.7370795705093287 1.6227992271994718
1.7261799015747168 0.712465072113105
0.9775525029762325 1.46815270577688
1.6170789686329194 1.719290087679346
0.9773315236255293 0.9342294797399587
1.5200168782025485 1.6338933008032601
1.0915493723925502 1.3024365253337922
1.0659804083734814 0.7816282983401736
1.4209605738255442 1.6399258024950685
0.9895354568619483 1.0875112022025741
0.6809912928643937 0.7920369574328978
1.0041788613074587 1.051988379757004
0.25450946569482 0.832632542374798
0.8532863365411989 0.7269159777980073
0.7563012728943502 1.3045883470199486
1.6063739699600155 1.314190155304002
0.8929335771379071 1.144403734627811
1.4585955071726542 0.9435133140430939
1.106941585815111 0.2613409622730388
0.6226120797774061 1.2759981433752907
0.8396754686682852 1.0465746268686806
0.19545016194296083 1.4702799056725582
1.11579124468624 1.2443810489581908
0.4332149929544965 1.3274792277270162
1.6316784432505604 0.370274229681954
0.6808831173597055 1.163973824775808
0.5536816564917528 0.985557753478856
0.8671429468052783 0.47884521644529565
0.7929538808463223 0.9377662274045788
1.139150936328698 0.15698678827518997
1.2220163033369218 1.1312861375421042
1.5301590791877788 1.0948762065432236
0.9322200990569607 1.1579654846313807
1.2503119828320033 1.344433222800773
1.2307214692552964 0.4409715378101968
0.8054191991916118 0.4279192319490134
1.0085745267665105 0.06191900006404194
1.3292958903865113 0.21041805661293533
1.1136164504011872 0.7290518075316605
0.8922157072904321 1.1106944506954275
1.011600301268976 1.0229193424015166
0.435083668075966 0.8744560129926345
1.0211739168848302 1.0234091665219363
1.7867088036615528 0.9242941047592658
0.9842364919594471 0.8813595718583612
1.7274791348864174 0.833373073571912
0.7013140465330143 1.486030704335442
0.14764132102591732 0.6177822905816648
0.38289445113489096 0.947681344149324
0.924050794276271 0.5936565911986493
1.519762878151091 1.5334471404123486
1.0131010192820304 0.9997523440761705
0.4952324951872077 1.6479624272461262
1.9185966971228732 1.1908294232831664
1.7209274926236013 0.6701020126503874
1.5449057618993467 0.8076285589396238
0.5306784937168418 1.7622416639447842
1.3944314261299915 0.46427145598244157
0.8614316403490104 1.0541787590481912
1.2731327252479878 0.7629099135306057
0.9669624535242354 1.05549478711235
1.2960780465567496 1.0689292436342326
0.8082041631855044 1.6702634191898227
0.9362630182129406 1.019088426223989
0.8839663134253007 1.5924356449389472
0.8894516233387662 1.0630024071471402
1.716018343276372 0.4730184383378896
0.6665915809050689 1.6358830964051998
0.7493492645055206 0.8055347329613104
1.1775412124845366 1.0880136605845292
1.959986675844875 1.068460949393785
1.0120244987217244 0.9952529314235192
0.8360024391403789 1.2693587712581738
0.9066219208984073 0.6728591744391963
0.9854176943433287 0.97663355902999
0.15704256834171693 0.5717292949245818
0.15200215956175844 0.7540975415877026
1.5658960518482212 0.9081758234946908
1.2170204283842323 1.2422478160926664
1.1852804496134475 0.8478324885499556
1.1479144010948157 0.6707931874909039
0.7428440575022768 1.0360150644922548
0.8446038999065942 0.7891379791967071
1.933308770720685 0.912452231664546
1.7585763213159644 1.1863973638617344
0.9057428199261505 1.228772193153776
1.0885387677512501 0.7075027535004298
0.7669839537462704 1.773894865264908
0.998086510442168 0.8051765429198697
1.5545596166167364 0.8788855707051962
1.147551448596103 0.2963946029283132
0.9856175870202127 1.2480489118547646
0.9753397469180806 1.039212709832203
1.8669492600935413 1.0677498017700429
1.2973042866163338 0.1411614661366375
1.0733458319141267 1.094692012409618
1.575539886008424 1.0408276282269624
0.9767667639299332 1.0334658601845006
0.9830122438635873 1.3339095015048419
0.9401182223953405 0.6674392086220919
0.9396960430361228 1.6089813068989613
0.6761705186536382 0.81163546576557
0.5515913018480068 0.9063170381063304
1.0069026855157535 1.048165071606768
1.4006166135619336 0.7537371331017304
1.1832247306460368 1.2414449314230762
1.00413553254599 0.9989436026558242
0.9592335528287703 1.2734348654200283
1.436004218716391 1.341774076925829
1.4345395567128016 0.4909192617332645
1.2146376391037097 0.05736003011634272
0.6830926586872978 0.5607817836405435
1.1692595632811715 0.7408924895514513
1.5002031685042123 1.2160726190603182
1.0135631405970955 0.45669572358721966
0.32873069377753406 0.481779122373338
1.3819557252141201 0.9244647744909897
0.5791827586809379 1.1678392173684222
0.9554385219396054 0.9294328833988268
1.3681854748524276 1.8340243173770525
1.6313906961263553 0.44022155847015976
0.5916116375736561 1.5288923475266318
1.4614480088667825 0.896518073298625
1.0689324700106022 1.1878502042206645
1.121005607866505 0.850733703071161
1.6187140315791644 0.6626239223048039
0.5054889898467587 0.6274696158057944
0.39895592899810217 1.3503785873553913
1.007562453467005 1.2422951774485704
1.6535377641761915 0.6629950360993206
0.9020082218715516 1.5448901818433631
1.1439500894513541 1.406009346008845
0.9664277201075104 0.5579014147640862
0.8235595113132355 1.349572636045211
0.7832669120883164 1.8785083001547735
0.6464256389290012 0.9798371655005729
1.4438435568358283 1.0920139502442459
0.44726510460519786 1.258867081350697
0.07487662406436035 1.0190077313075465
0.7237106485546947 0.608552655347152
1.609871230598542 0.9201152696771548
1.6315860803679736 1.2816501196161083
0.34812309261030383 0.6198459738535845
0.26942511545061154 1.4864274931675927
0.8600563145764694 0.9687955325725005
1.3721913927539284 1.1853801815448364
0.8132731735014087 0.9092168557690603
0.009129217331432904 0.9296342338299945
1.306624723035719 0.45926105530263917
0.5014541054800323 1.5185743802532552
1.1261504431649068 0.484919840071519
0.5426609632532218 0.3933484458830563
0.9496585660405353 1.1249658407793146
0.3807990390700363 0.3283088193437388
0.8608236035692125 0.3117151681428032
0.7982296070155919 0.04277360466403124
1.5153575611741705 1.4058176871194812
0.9885916897548581 0.9739769810092495
0.43489067401788084 1.2877225834477335
1.0309116410183627 0.890714271498605
0.8756949700353369 1.4277389687287279
1.2460034366627644 0.7825456143536327
1.1464007448005096 1.4653044845072056
1.1925600261369285 1.2231078685368961
1.4201475721963805 0.9851161147370581
1.2625902701354632 0.6847646257462368
0.6870134778728925 1.7567392602816838
0.7973405671813807 1.0852924353571285
1.2398776406196106 1.665801490170702
1.8690738519005756 1.4058471658640834
1.371264970454476 0.8720881533445315
1.0119058837887118 1.0571941101272782
0.9223215499626397 0.6119332298400565
1.1250054977442299 1.1142730979409134
0.8678291094517476 0.9562434028180585
1.672114044723822 1.7243417478251981
1.6782968392703148 1.232679405749945
1.1697167135858035 0.9262552106821081
0.7530692964389961 0.3480887672541524
0.07608520609681535 1.1231443897469733
1.025644327196402 1.7455298786398377
1.1288457306088935 0.6933619879242906
1.3418437541080979 0.20211353594878145
1.0053516985007869 1.0024028435280135
1.1191218046126028 0.12953259332495692
0.08098811781629911 1.2796734820602114
0.26013745908306174 0.6093317059945438
1.4588429532082916 0.320743116217159
0.5838071775328016 1.0091063084287437
1.9730212202821202 1.020190982255759
0.6089657418461676 0.4291757351371861
0.9902796941876658 0.9394514499979991
0.6349974640653798 1.5852145999822964
0.8894252930033304 1.0439980613659883
1.0035485838736058 0.9659746087447477
1.027325847140155 0.5103093539761117
1.517380975660302 1.8551898457296123
1.0565256540394663 1.581075366455022
1.1779848275148945 1.7403285854142987
1.1399535774428502 0.7361718067480016
1.6940815336119757 1.4647188061501197
0.6687809972224992 1.2466226677218193
1.2422409522067634 1.2815445023238148
1.4565598056229208 0.6929515696684334
1.4280919594160149 1.81956497453535
1.5714759542318668 0.32848090079930925
0.7190013644457108 0.9847700234327851
1.4741462648036336 1.5062048542956958
0.47565910065177286 1.2489990122518326
0.5400259583946715 0.18831984992241135
1.0605476650551573 0.8125673288689441
1.0498520744231816 1.7250197525433741
0.9953095072004001 0.9744104650075178
0.911174537370114 1.1919262511164594
1.2038343444494477 1.0949157695914922
0.8830437002804334 0.7100081062786288
0.9276701359427332 1.2343153685052362
0.4651766828239734 1.43720166258761
0.8802307155758338 0.40851948989046205
0.7240027315749868 0.12269594604697498
1.344344172406727 0.9074819800634233
1.1208694528233822 1.782035751224112
1.3315285014649307 1.0123254481875494
0.8839827628527497 0.8086970027092969
1.0167191551096117 1.0257485334740843
1.1656189740563925 1.6718551360479452
1.1519296543414648 0.9877829635402768
1.2198105225208773 1.0376023003848573
0.383838721847621 0.3968543272352273
0.9679661132416549 1.5662450240423285
1.1252188123493876 0.8835662875671456
1.096947455610049 1.043975183374363
1.6482784708743248 0.6289192462774085
1.1643096672813718 0.12134197765226906
1.3508055804197916 0.6471656972632336
1.0432073462641687 1.1477862973001773
1.1714624821442536 1.7336659347124015
1.6137649441253892 1.5544650437591576
1.207144837825483 1.5075762704166873
0.641442401291308 0.7067196615382643
1.9740037265878914 1.2224742734171088
1.3941619629243256 1.1825049029796084
0.9799150525255396 1.1213446366531505
1.1632098016422363 1.2483874121548897
1.2088255754456718 0.38702580847744195
0.6009581918877471 0.3399845243118781
0.8895994548586292 0.6538915859683676
0.762630389936051 1.2169700175604965
1.7361579150486341 1.0786901855099287
1.2783867698546882 1.0360590132371086
0.7675599348590938 1.2139962484676594
1.7479777330623503 0.9065552501145369
0.8800908279925383 0.9917759066452481
0.3244273273892263 1.3759978225309426
0.7620457130922922 0.2303619800132123
0.8462743764978852 1.2920201910878741
0.8441545416854656 0.8805989949013484
0.09759015159875273 1.0543631812143426
1.3892940312990318 0.8420881281245333
1.0706706446323788 0.9805218633563741
0.7129934078307356 0.7809319579786098
0.9738602472927269 1.1063169378803595
0.32902010548188065 1.0402566289447404
1.1053117832316615 1.131557503313859
1.9750472567835862 1.0884180241836325
0.9679510214727125 0.9185611142716709
0.6830006713477721 1.3452423819929589
0.9229941132143431 0.958209631153791
0.28038918100591714 0.48690989363300297
1.0254603736073908 1.1367779806075546
1.0212392082201887 0.966312228000346
0.6249253524971187 0.3983807236485415
1.0559862913987046 1.1217666135101347
1.607634276500538 0.5850169253043942
1.635832804402722 1.5847576064403124
0.9243253851542556 1.0632440407498542
1.1967101961378694 0.7963405510282093
0.649396621118517 0.6447667661119298
0.9865430140342779 1.0128021818177404
1.5012525421584282 1.0191019672049417
1.418159400944973 1.3041455342327553
1.121405825423469 0.21495974522625783
0.8960619548544467 1.2832933618008842
1.3425556735624855 1.3048222586528957
0.7640755375410637 0.36019032632345627
0.6646627341189095 0.5046071779625271
1.5004249477650498 1.4731914410410183
1.1953540558825624 0.07218021237683847
1.6784617419845285 1.1221870476752327
1.4380200814617303 1.4632097959982244
0.11094861982424042 0.9542201234083242
1.1131832604771545 1.0541541773989
1.3213870390520412 1.2113271716380245
0.8352465829994395 1.862453871835867
1.0329975282109354 0.6512451614397103
0.673479487431545 1.1586611206822262
0.6235516799740621 1.1665840331119346
0.7146421440500623 1.559082937066293
0.5055418427076472 0.4186882373099714
0.8979965176482751 1.2264996148392397
1.5392816530432816 1.3279183029899186
0.8110652942369343 1.1894197936024529
1.0774212972171346 0.7598109317408794
1.3533195575086139 0.8435356386360412
0.4368382971311022 1.7062246953604407
0.8741140445371678 0.13540409447584145
0.4089681771847983 1.3640159749480834
0.5021849480627796 0.8279650354546947
0.8539370232056018 1.357265222302352
0.8412731219134012 1.0080147934744488
1.0004023203176333 1.2170575223198412
0.8457348641846443 0.38073190428717507
0.9653195829154998 0.49250382369105505
1.2899911273619997 0.4737753822806057
1.0609538890844588 1.1275461196221013
0.4123091946755998 0.8890081119942497
1.0955132467775215 0.6903449945004902
0.40870825626468255 0.5906165863804009
0.5446372600766582 1.5802201388659167
1.156678780227083 0.40903163140829835
0.44729965268273697 0.3659080578799525
1.030355169529302 1.2516348787037819
0.7089572271750318 0.8095455748343316
1.020010196412171 0.9057932294621985
0.45404501006171794 1.040750556678017
0.591672322103149 0.3436772657596704
1.0011025509293618 1.0032226408210925
1.377758675270343 1.044424428931712
0.8229677124467277 1.0894257185917404
0.22004489584621123 0.8908236012325843
1.5176819372362205 0.8086000382443383
1.0577662789448334 0.8540459797100257
0.2179629462929864 1.4337037055898376
0.8681767816727812 0.6700526633647853
1.343134857268468 1.6433928435703336
0.5574244066866587 0.13299286944139233
1.8491371258567901 1.1778680960873693
0.4197152342741076 0.22887048274276744
0.6095023035078069 0.6818912018220347
1.2032678165034132 1.1381720317065291
0.7313173213380721 1.0347743916791767
1.7824588599752849 1.4792713783859481
1.3113443082113927 1.0663665606486223
0.5618273901121128 0.7938159659119279
0.3090046404396499 0.841413266685972
1.181533349729052 1.255932412025994
1.1604380424988103 1.2136975522097608
1.5390641190052072 1.4739351553865863
0.9086929617714812 0.6924439426191155
0.30894649431498855 0.43214901300929787
1.112021809961138 0.5287611382688449
1.8470447303318882 1.1338271423602013
0.5826486852728724 1.1720460603906138
0.8400040970857577 0.4785191885875838
0.508967370562418 0.6890588829657502
0.5246434082607667 0.3588156765275945
0.9872057247786603 0.9903614645575436
0.9621540953930525 0.08496844035228612
0.9705704050575195 1.2593722613217526
0.8516034616837953 0.9841516523188436
1.162032428543179 1.2253068361417823
1.0790352840996997 1.1094730784537548
0.27400437726643834 1.0130909289704708
1.0211938925488755 1.8319354131244834
0.7571267603840891 1.1173094119665854
0.4584943433506856 0.9766943933350067
1.7575698254265406 0.5357974332387256
0.7210104047217041 0.7167460334363281
0.9148709386456055 0.6264522993497639
1.0839773246789304 1.0029589994952972
0.38858839452277405 0.3484854116688626
1.078700705439867 1.7585880413639732
1.182098317743949 0.7428831002422832
1.8230585037518885 1.2771296127949003
0.9149685954465783 0.9366944077447019
1.0914091685306435 0.8414678146986876
0.7686805566137958 0.4718435160670913
0.469434583806157 0.9856647317172507
0.5973460549574579 1.829522439199128
1.3515953848342512 1.6598097117165642
0.7744468760362999 0.8735974769380511
0.9141112108699305 1.686326066070614
0.5523814966554248 0.8213487578432941
0.8269713162794018 0.5841366669006343
0.8636553550506277 0.40737211644964755
0.9351982309023968 0.9612472200766243
0.15165722414816563 0.6784968254959908
0.3784357984627944 1.2665461681236327
0.9131236457963908 0.957542745918687
1.0685794231934882 0.2064779413967781
0.9523986441706774 1.0160532134276978
0.8453640466905997 0.5173263035691091
0.90882026188532 1.1081642127661153
1.6177347286598467 0.5323566786645171
1.4058908745228536 0.4943773930800681
1.7924927768190027 1.2099594503838453
0.7329046460812849 0.5229701145798145
0.21626777208624037 0.6898151754290496
1.7482488850410869 0.9629400978173394
1.0045702750777878 0.9441563177721928
1.421096916362459 1.0156849913924237
1.0155010724125322 0.9511256221435535
0.8444884906109997 0.9641541742941505
0.34934864830045353 1.1371231272365339
1.2101786910006505 0.6496599086000936
1.1353651522088657 0.09301115688581996
1.47351165082754 1.3120656156144044
0.28902713973893435 1.4206748879656161
1.091582845400307 1.1099473508296582
1.1342138844039533 0.850914635665035
1.2224691030697412 0.6095131971913639
0.7457178225129003 0.8212635166240994
0.8890833870936112 0.39235655643895095
1.476082527798476 1.4387519499560502
0.9262990837526647 1.054257231218349
0.32902194407783913 0.9171315055051998
1.0379366772007121 1.1967363276339578
0.46270157750598095 0.55081592251184
0.5516519686538452 0.17672263158465673
0.4521812330920355 1.3057658651918214
1.0829880758286186 0.10464153361699269
0.24235701009135924 0.7271142012581489
0.4219733590644765 0.3463958463231406
1.831578566784925 1.4308532407074839
0.438621278321193 0.8600258678202758
1.5657244898693543 0.6968596729725367
0.8529607698645044 1.0082930784265658
1.0578681303447257 0.31909948348043127
0.9306301243600674 0.8375420110551979
1.288031090328831 1.088182361859595
1.2054024933134855 1.1168628395016127
1.203062064461859 0.7654877730040937
1.2350805900897164 1.0877231683558184
1.3390707409826448 1.5453018219772137
0.39138309648308345 0.6823984160307158
1.1508379025470874 0.6491676577040919
0.7509271370051815 0.5292641763418529
0.8041047608543767 1.5815600206765468
0.9833441018054915 1.0018994498667106
1.0379266125094142 1.5778071548236121
0.5902825306272532 0.7004494235037605
1.9845909999725613 1.003911653658804
0.7189505384870023 0.17902873383756512
1.3619104389305847 0.8947111784340659
1.1431484338271813 1.0631169362629753
1.9859315379112092 0.8773658114861989
0.09554172220120849 0.8186503436740432
0.8301706537703509 1.0857580654844385
0.8733691347980744 0.608471427910138
0.7265506565259883 0.2870725755179767
0.9281416762514834 1.3664627116687473
0.9823150894802123 0.9913189150838545
1.5675893180092493 0.26757376206438865
0.8630958819799782 1.292092757313521
0.8672637037070926 0.8898677508812511
0.7087524982585797 0.7001076712674984
0.9975429044260046 0.4880482686572416
1.0711335916845797 1.2181931843788205
1.1400576037463712 0.8365931544291353
1.2287985501787502 0.6489367769558592
0.8127001557318072 0.5805442130845375
0.9285549473703905 1.2336986093842157
1.0967969833989295 0.9236570591100468
1.3061130229235929 1.038422853631951
1.524936233700896 1.1932203105426735
1.1759835574255124 1.3713221069910813
0.6978967145091024 1.407556551496651
1.0458092735380295 0.9599997074414431
0.704284416017644 1.3208890386119858
1.287684322704457 0.5905962130603044
0.9599442025158521 1.0201722243652096
1.2906261884598458 1.088812304381717
1.1601428649165413 1.2375226153385852
1.5572203697706786 1.1388353131077054
0.5444553523411044 0.87754934668269
1.038348345378506 0.49837556271143024
0.9521009351232398 1.0303503405217382
1.243702951011198 1.0997561179046127
0.46556786265539707 0.8888560377376695
1.1455053636124843 1.0728800534025287
0.3046550461265666 1.1533258019132602
0.9049053922407942 0.9229808815685621
0.9551385864771647 1.0128391818386315
0.7438121487691818 0.1311826587998134
0.15608157311544502 1.156650564901261
0.6485081411870972 0.6429092829020019
0.7706733634302092 0.8984327950838987
1.3388596949709923 1.150824471766769
1.4851077594938478 0.8200944524937689
0.9414687109907122 1.012001278375886
0.7649945714206452 0.7431134780626711
0.9968009177193722 1.756669476093427
1.2402323682479504 1.1328610450808057
0.9377962177105301 1.2371552871958194
1.4698150926978213 1.027658718360316
0.7212764259835331 0.7811276602001003
0.15756094663361364 0.5675971556351065
0.37308127960715876 0.43247518227783377
1.4889104410581127 1.864567015818718
1.7113727824505052 0.5803387870843625
0.740566878190478 0.3400337175053738
0.8723712811834609 0.8378016895056677
1.0565606895779007 0.8964621464479388
0.717334913960703 0.4459670563995375
1.312579446449843 1.074381540018604
0.8050687885123287 1.339903193830709
0.9530543068388855 0.8657472627983617
0.9402602514561821 1.1371482464389215
0.8928135940747168 1.3124888503277987
1.494912607521061 1.3184756878528454
0.6990973542276945 1.769000118790775
0.8279969915855327 1.392232356505282
0.9746076547408594 0.8776044948814541
0.717274202388227 0.5918942729607637
0.9176671366811076 0.9808924253553293
1.7277738314333893 1.038367005605005
0.6226124534489057 1.833906094261946
0.8373715000624883 1.1716410076310275
1.0526532509683473 0.7708010116297966
1.0574538213129145 1.5113445771499303
1.5856409087295997 1.2218402906202293
1.6499831092179313 0.4165178445099109
1.1833695474301245 1.3135214669816286
1.03877695709349 0.9392183186831244
0.9343554245398217 1.4413203357992468
0.6684688070596596 1.2479161975268747
0.667563991740316 0.9168492973101362
1.9422122464737641 1.312551329172655
1.0941323035056096 1.505690926114874
0.27025701306658556 0.45790889139452307
0.9337537200476893 1.8196191116815328
0.09873311661817008 0.9444010361171721
1.69089311324382 1.0698020959662289
1.0888950818493237 1.0245456356298415
1.3901232101478862 1.3594486405351398
0.982066387481052 0.7789741092912447
1.615286298634671 1.620113038848594
1.0202618075408156 0.8361526670154549
1.0030610409638174 0.9984554190124534
0.6942051878302566 0.13848557348444224
0.9727371602606457 1.2441662289599955
1.660078597963337 1.1062822618512396
1.042391582761579 1.0175080896055666
1.197402580487491 1.5405826988341977
1.146921162721978 1.615839933733004
1.4503824095797355 0.31692615482723285
1.003996079020667 0.7445561259683878
0.9192282661196944 1.0115295821671664
1.2742304587889786 0.8007908124514986
1.1348065205664937 0.8501413018407419
1.829469430631531 1.5281620499064414
0.8408575298755848 1.730876846464198
0.4831463456640719 0.19904550376040986
0.9109307323243981 0.905550990186463
1.2255183456984802 1.0811610301063626
0.9560961957111933 1.2901359618064823
1.8189571356642635 1.1914274724140597
1.5288587676223089 0.9302675400254196
1.1086305096617401 0.6574574435380061
1.9095308707077963 0.666082192809712
1.0752443236309561 0.5651877421630047
0.44866020404597096 0.9558057654286698
0.8693665579252172 1.034571006896541
1.1258376761829294 0.34325247796766845
0.4962983031308428 0.8571774845034998
0.34624291597717094 0.926150952082033
0.9346013616951259 0.7136778493919445
1.1947028275722626 0.5060371896336108
1.1091092583530462 1.022061429164061
1.2274342668532494 1.1843560628288627
1.9544145260948218 1.0568574762201142
1.0531006555054772 0.5850585560795034
1.0646419656967752 1.2825032440122999
0.705050880885218 0.3330198302594354
0.16956715536895672 0.6973363145748975
0.20934049619426842 1.0954312162381807
0.8079417608508149 1.0366421977539957
0.4997462389780083 0.21676857930969162
1.3275205393592537 1.2809027423261283
1.4324855754680876 0.9209767298255646
1.4455892355651232 0.757219322199002
0.5719948472192307 0.9366987550524996
1.0671813497325824 0.9572910544445046
0.3444459225602956 1.2910099560803008
1.3996321507503011 1.0581344566313342
1.2653144180291895 1.0405072962269448
0.43399858390291257 1.191510787711485
0.5862706063293147 0.6354450348835454
1.0751523768736821 0.5813429447338767
0.8650530368146264 1.311998502828328
0.9697802408057569 1.0674020993573705
0.8066629876231399 1.725618485901551
1.1302152085611936 0.7680298176137219
0.9858461756271484 0.7905199827390368
0.39902199306207287 0.5950273012160265
0.6414378093873792 1.2432499414512397
0.855694907716286 1.0951549592291432
1.1756856223119918 0.5239354419158331
1.7899116941084507 0.6484429831286116
0.744148602886163 1.3204506528728877
0.7513103615854271 1.04375383083099
0.3329602137059765 1.3915337453761043
0.8338089681366533 0.4008159244546702
1.8248292118081522 0.7923505000348725
1.9152088907653018 1.1263275435281634
1.0166029853540168 0.934273192955502
0.610794389206307 0.5503773545542698
0.7142203950372165 1.7943789241520072
1.6261279178468189 1.460217295790915
1.0213849492304203 1.3717012139325548
1.3673911059623642 0.6180280265833646
0.3541666691685661 0.872164430387067
0.9658773631960595 0.8575999488615197
1.0145648892347485 0.9401821140648368
0.9465531956438102 1.5532963872371552
0.9689124220925174 0.949209415969428
0.2868401525514125 0.6839654793456298
1.0893792423701223 0.6435330943969606
1.9005235759337238 0.6734518567923908
0.9499627966004625 1.050120882869284
1.6553264124070428 0.6830595656022798
1.0361027194909929 0.3350256078150694
0.9899851617497182 0.9257896410595483
0.9940361447578603 1.0873690728260679
0.9671409620804082 0.6290308528850677
0.8836376658044032 0.8023346480332306
1.2444976730948183 0.5338568578519045
1.0044557453595055 0.277940618481312
0.990534078085737 0.9457412575238525
0.4917337181840231 0.2667772166693235
1.06337659429287 1.7527228404607833
0.9206814419208422 0.9201147203856195
1.6422797292934357 1.1000793790806602
0.9270811232690654 0.5906991378353963
0.9757545356544955 0.9915466050953695
0.5154238211338713 0.592312981251395
1.030474197033931 0.9117323877967352
0.9973314357385954 0.9358397869520086
1.2114984024556075 0.9498427351828626
1.3535813056767565 0.7129947585503091
1.6368218384397453 1.5355710094286876
1.2005981806496002 1.632720671819375
0.4419482235963049 1.4396301341741393
1.1305744417379378 1.1799260512011434
0.8073510935738699 0.8893044658476028
0.9663747444284916 1.1346213434709864
1.8521637179661852 1.0172318108594995
1.0326326697670978 1.1041122328180266
1.4398317423527633 0.11010880411375679
1.7387454109924538 0.6177718219279598
1.1029950229892937 0.833186668064135
1.6595840522611582 0.6740812076523826
0.9840384295879588 1.0077049267659446
1.4363674331999128 0.8117762787851479
0.7940896631001821 0.43931124728138327
1.057437111530258 0.8583077618955512
1.8699347473391361 0.5441145471450434
0.8477269647378254 0.06015292030582009
1.2453006067285384 1.1419755662810431
1.111203799616422 1.3642270785642057
0.9477108167077267 1.2423207288687579
0.3574535272274074 0.43910822406241734
0.6837218484182326 0.9186776534503197
1.0402108026376293 1.4321422018642338
0.759320704495752 0.9312179836793112
1.4899224277529206 0.2595162390926413
1.7050918860501427 0.4408775060164347
1.558655442616793 1.3647501350395712
0.7321494198632231 1.6313715117881213
0.9651748914665252 0.7635470168359407
1.4986200112468921 1.5840972931664536
1.4375425586604587 1.363568788946767
1.6514997860482623 1.559618745016833
0.10694654274655757 1.259160390735656
1.3527787093796448 0.8703354919267543
0.19355006572195876 0.9822721234357571
0.8580820803150225 1.117515177424709
0.9851382284329856 1.3745253142144906
1.1637121245414788 1.3457555563994228
1.2330594696600525 0.6789764194976341
0.13673836853202892 0.574207410052541
1.2538941509995942 0.9892150683533094
0.9370602764342812 1.0191611809253809
1.4389780780147166 1.7360609927832218
0.8972151041426355 0.9332722258398787
1.6177970938318333 0.8764834635852958
0.770697051781861 1.0309843537445185
1.0527486176663465 0.962778020467651
0.6828764201827251 0.837025505445257
1.3920418314596472 1.0258385810605986
0.7682793811505821 1.164889098406176
0.8171387990564845 0.5373630831301991
0.8789023806911225 1.6088783890047125
0.12869993242998956 0.5169105965296904
0.7683428524490726 0.18894985111126428
0.27315541456231296 1.6787947339555747
0.21702410188859445 0.9099424280524161
1.265113105285741 0.21444541261542804
1.068614137605817 0.060315808566893114
1.3698025866788681 0.8173088637816088
0.679522643587444 0.3105142003539578
1.1753451778074784 1.1550789087828914
0.9604598215570269 1.048809323295827
1.3527813197847194 1.2072730402900995
0.4540795125013102 0.7074016473701648
1.1076310266193972 0.7267762970625338
0.8897455291107802 1.1706827579028651
0.977981464967656 1.1794125742468167
1.6823512734426596 0.3121882969469253
1.0859603410090606 0.7563866445917474
0.09993188334170477 0.8407471758075364
1.3085732776623336 1.7960204648457612
0.5813130720802884 1.1146127065120401
0.908504207488751 0.9644908344504961
0.5591310068033859 0.5539369771192347
1.0431660109333667 1.1924800825110835
0.7410703337156836 0.8014986629418649
1.1164665925889432 1.549860841200289
1.3777835238166982 0.8171370376018502
1.4357049505521151 1.492564930957338
0.6350336687165332 0.7684915550054703
0.029464813210022034 1.2337079569657257
1.1828423070669902 0.9826790028003177
0.5513370410728328 1.3780804399374242
1.0700966178841307 0.01637307645630759
1.2159295100899459 1.8096026603569533
1.0801840745891633 0.5906286371317817
1.7549937898019052 0.5634630162473776
1.9350305810010475 0.855885682957918
0.4946632507758616 1.6962334924554487
0.9439705004788256 1.259105731972884
0.898334541181738 1.118902273302163
0.4883202230227133 0.5321941136685853
1.1607837075947074 0.45551086267547736
1.0655455067337989 0.944568206565359
0.6520359968997032 1.404805205613043
0.21009513734686946 1.370895980891284
1.2404205078964854 0.7486325150145269
0.45354817778418044 0.8032130256688705
0.25845637984011627 1.3227949248958417
1.3875330771915335 0.967870547364096
0.908721621681313 1.1378143416300996
1.478969383724027 1.418079037043776
0.8794565127189522 0.7235341420526994
0.07861772881728579 1.2792786673086205
1.8318513736048843 0.5351322178781617
0.974273638319219 0.8580804160831996
0.8206136983945675 0.6912083975115062
0.9957489253898139 1.0322802667295627
1.0763039833719386 0.5091737558400502
0.5082662711251754 0.6840704787350895
1.1232775190821824 0.8047008577084
0.4825647676898678 0.16409427023925038
0.5722871928773363 1.842318795449177
0.27143602353104657 1.2215391013483292
0.36858304656733676 0.8428932462883272
1.5097206430641534 1.5946984072785195
1.4455411763621018 1.477792176079241
1.1583126054293353 1.1238040936383098
1.0382704218193002 0.9671020749146133
0.5970108012788405 0.27655599097839834
0.8761030014452873 0.5699427030289987
1.344542769415932 0.9267086572734639
1.249056285501333 1.4812442547836324
1.3309433839723748 0.07140805757103352
1.1406070687922796 0.8877909607236308
1.0887309647553105 0.7110795535862999
0.9259339098159719 1.2954641598867762
0.9461690300854492 1.0387703291498764
0.39666289862574844 1.4601725415103322
0.5986406208747477 1.370767903920013
0.7962065427469446 1.1397611789410118
1.1200830336031244 1.2070313229904304
1.1527660269475801 1.2259461109050682
0.3885652262549686 1.0117997819286384
1.931979362716366 1.1252098492177283
0.30414984943705536 0.641261801626454
1.0859232138693597 1.7986072860229925
1.3120014950715377 1.0499295033565483
0.9876298774628132 0.9912205592156247
0.9893978176947036 0.5763445928970377
0.4634265174049005 1.7422315002689286
1.040966643688697 0.8849939139241437
0.08360953142580052 1.0381706526948624
0.8571724160701713 0.8487377557196587
1.4131570887039155 0.8527047363150961
1.2045007925484548 1.4938743136313648
1.3095509700490104 1.0056057993943741
1.2518150119725888 0.8747934010853906
0.04134811498862323 1.2055543448719694
0.8630957961332683 1.0925434799350242
0.8560393027083265 1.0212630918971346
1.3517319641652947 1.4320064232179486
1.2646844149874055 0.8208278034685166
1.2689927787929163 0.9498626626400004
1.0460070452253927 1.0317294576907665
0.974788208424002 1.335451543908909
1.4661037601556324 1.213628920209641
0.6861515765057781 1.137477510625196
1.0434276512878753 0.18807533807302268
0.9766717963031577 0.023245276393106473
0.18693864846959685 1.472594764816148
1.2545588639708263 0.8961607521511985
0.6982596032084685 1.425102364636724
0.6371079406428686 1.3795104800366766
0.5846465773342406 1.5443566208740571
1.2880750124206735 1.5382854431301354
0.6014806736213172 0.575366466720175
0.2579026683913197 1.6560331236760637
1.0074248395083447 0.02468648936502771
1.7938511609840286 0.7120365836906035
1.5628929932467541 0.2275296116221297
0.7012575559910399 0.7527352239191902
1.0163000971994542 1.6864205896607598
1.091810352312161 1.2743032003177999
1.933812194178375 0.7008694879774562
0.557206278802284 0.44627079734737374
0.929874262670484 1.0808687663847967
1.0982500662872554 1.1022812164175013
0.8824099399444643 0.6017376032080899
1.1899704970668938 0.8275999231810344
1.218589666569494 1.3712118753698015
1.3998008704045428 1.8284881089194784
0.9519622341711308 1.0552991833297904
0.31962838518147374 1.3861097837861371
0.8782785591848502 1.2561104514474075
1.7701564616359504 1.1197322801841396
0.9034524338584037 1.2645589034369513
0.693344710665835 1.179855549044465
1.0282706917181066 1.6467320107806642
1.0964202782970662 0.8573870967235713
0.5059855704652662 0.46047535661395145
0.7675880861701777 0.8663457410523957
1.2214365890191161 0.9165146121174719
1.0068716982320143 1.0082114168178322
1.2892948895376475 1.0287682286872595
0.24171601419946198 0.4452364646085022
0.8474898625225143 1.6783736512418657
0.9273088630973387 0.8846678912885508
1.2794547436114412 0.847339851240491
0.45568328326894003 1.320952738442812
1.1052323256661238 0.7327003349473151
0.3731576242009582 1.6541615144577575
1.1409427113882817 1.1302357022014577
1.0386497915163333 1.6954734854653966
1.0543393067955644 0.9620519890092987
0.5738782541431587 1.5714536903573013
1.231499006971631 1.2384769250587264
1.4783428259436153 1.5712726902849017
1.2454812736360492 0.5905503640764244
0.9517830727342429 1.0926073040932243
1.0382414029511677 0.9203227369097577
0.6313616357182203 1.4350501986765107
1.0381323015399273 0.6336437087227862
1.027001240004869 1.1872334353889151
0.7620319708760516 0.15195254945706382
0.659075827246417 0.9779862759921474
0.9423418542654873 1.015502604766019
0.28718170204487004 0.5487455360613546
1.1964118326024014 1.4393166516750835
0.3414285058905022 1.2015177869663145
0.9864547182926615 1.0001722050977842
0.888377215941691 0.5944346208297808
1.5955650265072543 0.8347360089640692
0.39998174207561754 1.37573268060274
0.8216102513354465 1.0590633415140678
1.2843344453612555 1.9016362163661973
0.7260566203058223 1.2038523921479336
1.5172977241609178 1.0914905116840876
0.8296118096939556 1.2302884978967064
1.4363874870028885 1.0176181991798212
0.587917200090594 1.134267958467103
0.7233756991760911 0.43457365090881483
0.6933602030748798 1.08129911917815
0.9927496947831248 0.9866960162735524
1.5604820177340686 1.3196411161786612
1.02910040717287 0.12751406930133213
0.7175564214290535 1.3742110954746716
1.4201143691156155 0.09606573221270598
1.0931549487098033 1.1225587229122447
1.195708785455181 0.5165817713131056
0.8604616614049635 1.184798572251436
1.194114391376711 0.6780601814211745
0.6102844029223484 0.22884155998128197
0.9156322016788769 0.8649828414306728
1.2904414727853695 0.7779653369576375
0.8291583953837686 1.0251509141258863
0.24844507187381537 0.9361649219117467
1.3755836019109637 0.8983453376449183
0.49651531077979205 1.5239106831324134
1.1796795932210817 0.9308261261535107
0.8881982934793465 1.1240744806230996
0.9294357750230329 1.091504431833725
1.2670167681098068 0.6782017681008016
1.981116643737256 0.9548072016250505
0.2163533360357338 0.4333541061760645
0.8452895084025226 1.3675419561750803
0.5309878252360319 0.6459462446913318
0.13998417577520383 0.7578568584730409
0.28755401612856046 1.3703549645309971
1.3560926228383432 1.1108506710052763
0.5537906810341173 1.1540645018638154
0.8696599200340195 1.1170434302956735
1.0781244716886167 1.7483527023610046
1.0888650128184358 0.7703032772250902
0.2275182809702745 0.4268105398913714
1.2976164779520247 0.04612730154723099
1.975292400948879 1.0945260709209672
0.8085394863688432 1.1601681285327001
1.403392755281673 1.123436376094872
0.8830148536648073 1.117713818229849
0.7493659274088385 0.9026027418744451
1.0306080015296655 1.0245926696671883
0.767352892446162 0.6398489179034366
0.3190174527731351 0.8916219151545671
0.40964162691007644 1.2977132849634094
1.2437123824380858 1.8184238157925092
1.0834065970615698 1.3530216429105875
0.8819566291104873 0.7906163082460034
1.0847718125790538 1.374784501890101
0.5574424003511973 0.6290737923204768
1.2894052564870653 1.0537597599394968
0.851156888636112 1.0249265599969033
0.6348277644009825 0.7567938936968557
1.158532212340456 1.2852225196274922
0.8424579202794381 1.3996679401778953
0.9343647179111131 1.6011129970610354
1.583085889748647 0.25223885165454696
0.966599919175749 1.950955052905769
1.2891759094898243 1.8846376480725864
1.3069793199350928 1.3550010189283068
1.31010093824922 1.026570172863255
0.9614008173672393 0.9424871064148331
1.1572268127963208 1.013614297236592
1.5585750988735156 1.0064664104909038
1.7443215022426912 1.3700395075635174
1.646333241909038 1.0599140908850282
1.005824261622836 1.0866258160808395
0.8022057203955122 1.064155116148278
1.6204059494200718 1.3177606660565933
1.6318548850207 0.6759887864907663
0.8557523252080974 0.6843622034288291
0.9053976320744843 1.2918397985292176
0.38216436063713055 1.2878364621099443
0.8445049154255141 1.2970737856790375
1.1441897649372914 1.4363875364141632
1.0476291010906864 0.8931123718155621
0.9276460726451721 1.046151190240259
0.5763399283484155 0.20266441393271073
1.7672256834378781 1.2327447118406374
0.9781899939117483 1.0930070482464984
1.6810663778146184 1.4417745423336368
0.8990710621150251 1.0809985036860812
0.9730455654455394 1.5895464027147261
0.22000476104960331 1.478482470464396
0.37214704326112824 1.2788459314885987
1.064583941231235 0.8030986291816269
1.02918700660301 1.3172826270193223
0.8525641932945525 1.266090823962784
1.0710804889476226 1.0997487292457682
0.9917532987732477 0.9823631571267601
0.8562374178436473 1.5121585370215125
1.54431522123002 0.658097411508622
1.3295280017513518 0.7105687962427938
1.2072558410573464 0.9432981701021377
0.4682087663151774 0.8193721659428849
0.9144178519995662 0.7148730218995567
1.5703061979475912 0.9527476719241122
0.7667044230144924 1.3588657427301813
0.9535185398631871 0.8407902103633025
1.1401882024728698 0.8272218424531096
1.445715431716324 0.6229387956324387
1.2101001219866234 1.2116050197022754
0.17112610852374122 1.2636279295391433
1.3696640424076376 0.8016082333148682
1.195874719422841 1.28853557589245
1.379042313271939 1.1947380083937538
0.5531898989592823 1.3838473409873442
0.7753588930118316 0.8903771982146493
1.6482653516811974 0.49151187673748564
0.9091865786768294 1.4381711763769922
0.6040741290851348 1.4665715282319771
1.128159362695483 1.2530500479321705
0.907945226571968 1.0587717900198224
0.6611349664249941 0.2139134782044616
1.4201210471768415 1.2223007766000062
1.12688385277302 1.9472441222357784
1.192586345498501 0.5330285489706965
1.2632809536255973 1.0257618314628747
1.158261907185146 0.8003866177340669
1.3681324134055064 0.5772995042528839
0.9322319479634542 1.0603844363124266
1.1580696135274393 1.093958149584074
1.0458921950969966 0.5810327098335936
0.9361336623399599 1.252966820945483
0.08267179565328264 0.6243546522546558
1.0840281596020596 1.0197202260433813
1.4174013686557603 1.9030851747289361
0.5771874191702879 0.3599252638433649
0.5517625025841695 1.1061231822303828
1.8364841401714502 1.2318554652312748
0.872153246348572 1.5870483539363764
1.2194017066568876 0.5048619098541725
0.8181243642723558 0.5552916713391818
0.2305655198407075 0.9118749238124939
1.1436213700190825 1.0260598775013765
1.4878834156091274 1.0916630633520696
1.0027062293480151 0.9325687138993272
0.5564431781178492 1.046435369779902
1.6896858602895413 1.5070996325527863
1.5681639460507046 0.9764265859237758
1.009292807984297 1.857956084140595
0.6529172676947932 1.0220748059406877
1.8436358098034318 1.2787805834109984
0.6140369657463562 0.469735530269616
0.3916050210599449 0.8625151236428873
0.9278401797028681 1.0312521102940226
0.8037512501961398 0.7734545081571426
0.9475355236469415 0.1120552194113621
1.0103322725385608 1.0182441670863618
0.9931220004772722 1.2515239463675025
0.8912016097517363 0.7959964083955196
0.6888289363017666 1.8755034109411697
1.2465980738991236 1.2123560497228612
1.0525477240980334 0.7006620481232393
0.6787762300983229 0.5309817498301952
0.7354720774384444 0.7577752073142551
1.2524576902470068 1.2746919941055794
1.4039547877691088 1.1329964535390835
1.413848168833313 0.19066362041288187
0.8418517727687371 1.6897215182700096
0.3977598058512446 1.6417433062783235
1.4645944091333312 1.1006566523136176
0.4374765150156815 0.9218785386868765
0.16939015841683003 1.2507637090029196
1.7074985781303524 0.9952114061000709
1.0457623799897355 0.7290699142075956
1.287088324015707 0.19055698031625912
1.1897930744279916 1.2366580919960635
1.000001024787457 1.008499738560897
0.991125015153266 1.391031509527188
0.2640926060832657 1.365300844070244
1.1633896942337087 1.1528688740002477
0.21029475572119205 0.6127257749793048
0.898988344513363 1.3798153788306537
1.496887418791601 1.4808591215024172
0.9222553913053209 0.8781411554181501
1.1519321919983465 1.1317822801456459
1.5745891446373292 0.9927941471807007
1.344565757846975 1.5863985066365096
0.9448010525521513 1.2758970011208068
0.7693889656557025 0.19314619173771364
1.271293604889633 1.2943848069931776
1.2141575928603996 1.94947813880416
0.1790635761777124 1.1027362254850892
0.4732532258546418 0.4361278314006648
1.5025737847389031 1.1070282136512568
1.660630366162012 1.2611025032767067
1.3466721077232715 0.12470191322139701
1.8818803915842677 1.0389812660818263
0.5904727310155327 1.59884112745574
0.4487257801737081 1.0821271543137019
1.048028518658508 0.9827384267976687
0.7958931054529425 0.7923584400836606
1.9780665618823166 0.888288384522709
1.0760597253714046 1.6512589620099303
1.6720903807717005 1.0239780901912683
0.4940828910581724 1.05229989889576
1.3919488472009964 1.0675703527929035
1.0451762740018125 0.9485292108317961
1.4905515365410134 1.0268909115797589
1.1482755264688485 1.3941804349634044
1.1091225781413159 0.9940151995762411
0.5303676997290472 0.7807322453198552
1.0363087553062706 0.9716685328802699
0.28313085809968597 1.301662993040538
1.6387467057227194 1.73796848743842
0.17011234492460792 0.7987415554376558
0.7586597624096183 0.5303941283231468
0.2374710571340667 0.8541942671614433
1.018067815767563 1.0236273779461702
0.4773482999190648 0.9206999552158861
0.7983423274745792 0.9435338038840206
0.5240868427928558 1.0654285267678199
1.0590283860317273 0.590995814107954
1.0968638576749985 0.39007267357385567
1.0072103600555342 0.9759853163288146
0.7481924361326541 0.7968080055146439
1.408753068943211 0.6423004844484687
1.4586746561798805 1.316040607223201
0.6534713556403433 1.367179175629246
1.2124359241725389 0.44381595502008986
1.1806480329026368 0.6474222939600691
0.15908505580966925 0.951170551966595
0.9805833844335411 0.8757431032878322
1.0005562585567118 1.0008777485732363
0.3826664613111659 0.7430325476067237
1.1511850315055516 1.6295526827247688
0.6826501224645666 1.099707910830152
1.2620073544171175 1.1233988519297535
0.5222179643301984 0.9567797365099512
0.9698335523187329 1.0129643361147447
1.1817246961453534 0.6833673926114936
1.3409247213244122 1.3672954721592765
0.7047744720601009 1.181799812316101
1.5451052223221071 1.584299944740386
0.8766338760530199 0.7497761427096088
1.1149390108219743 0.5319489024676574
1.0067771349010306 1.015276398573745
0.8726192690049948 1.3106761041657977
0.6842442080835143 0.8622494548667403
1.122494189289852 1.3604597225711967
1.0029657225463577 0.9994509159831491
1.649510280276984 1.1364953749269384
0.9735207368353336 1.0372345145462314
0.3539971538403459 0.7790789051634195
1.383530817492567 1.3066885658636624
1.0638796367600716 0.9664801204364312
0.6199839713454964 0.8042198391502928
1.0881051832235196 0.24124185516982566
0.9886098253325979 1.0633177015529844
1.6165717144674294 1.7304162445088347
0.6521410512619983 1.2670299345146205
1.32750124291542 1.3513566889885802
1.3310714529281127 0.7998409809342022
1.3027365812941607 1.4792205424300822
0.8772926071672477 1.3197909717030556
0.7137564170727901 1.072468254153648
0.8692803860490943 0.9672750441513915
0.4600048285683551 0.6489107692578724
0.8832601011037864 0.16712176609093554
0.5131477571628471 1.0873696541242115
1.0757057323038088 0.7630167105697996
0.9633206230602877 0.7424821353513054
0.6158561222541183 0.9924449264754613
0.8169024307324992 0.8018232819234188
0.6912778824261623 0.6508329020161648
1.2197518403640255 1.762454708144564
1.1265419741491414 1.5522961941769773
1.293004464515192 0.6315914706591299
1.4153018140683744 0.8644893467272312
1.2559622655429787 0.3066407830141292
0.7231111267097764 0.7683492285627365
0.753822454175062 1.3806343887104922
0.7080551362878508 0.44388023171933955
1.0738852510501355 0.4291077932323347
1.259828711964917 1.1592842246340167
1.3774850039644078 1.1495149440043837
0.9621304663242825 0.9871109359979264
1.0866840419746182 0.6659055169177489
0.8758813462732904 0.5438632730934194
1.2264756382560702 1.0818411588916423
1.1135285263887156 1.3045270426037043
1.132565631919227 0.3510346994948794
0.3738055234503387 1.4570383179132858
1.4464901939482984 1.0535931239701566
1.0178891873563654 1.5600192202255498
1.0383112299994939 1.0347434582640271
0.7249483401354397 0.5418955796511495
0.09562680111537158 1.1921746950161658
0.22500442521545072 0.38799822223914837
1.607377331688236 0.47109383068045296
0.9787175088755132 1.1451131460279598
0.9159913440833811 1.3410491097291142
0.6024491891025094 1.4745938137435624
1.3897045235903587 0.3555208240264204
1.9849652394631425 0.9221619652351263
0.5364025749543252 1.0167050786902545
1.3364729514695675 0.52637200837451
1.2035868355194528 1.2694469859229813
1.068022604547782 1.0614191721929451
0.1935065022777519 0.5582845634299348
1.3566614858247001 1.7205542105572755
1.037892852154409 1.1637988328767708
0.9179169003016381 1.445200517053871
1.289993236304915 0.5552582676564366
0.4420748164522107 0.6860189956359528
0.5650009970783432 1.4116818052270632
1.0986547970451965 0.1396587593520393
0.8996695527814697 0.22090590302702684
0.9323464745157755 1.3643022071758513
0.8435601355353761 0.8238700808294598
1.4787000718107186 0.9718337506797441
1.9026329780046818 0.809715611749163
0.2836229515042362 1.4386487483893282
1.0547892027520567 1.000350566964316
1.1918083237937656 0.23727898776922052
0.9812913797879063 1.1301384197761073
0.918339604577003 1.032862437384697
0.6248917692951939 1.5668247589566902
1.1556969830879171 0.873153915279163
1.2287094311508764 1.3379517323971308
0.998260170653676 1.008817065148989
0.34061737803950376 1.7281018767079952
0.9676308162041659 1.0061348479818522
0.47219341231165635 1.2367415290197492
1.3784734345448313 0.8277478682017354
1.2498449519717159 0.7367108948264373
1.1251347192207168 0.8414051173607368
0.5652344626278105 1.075481900042038
0.39843471307535505 0.5153545092216281
1.7926282647042393 1.362263202231639
0.579238948752601 1.1147132372025217
0.9934649203069735 1.4156193618104316
0.539657508455484 0.8271295948983038
0.7674034999187286 0.25401828959289574
0.812774248213561 1.3951170620772955
0.4995269542201354 1.3179045957883053
1.1736135717116332 1.5031711430795518
1.5504311978608194 1.0369136719468035
0.9395442274459802 1.995520729917565
0.42395401645070807 0.2349409056055276
1.5840195942370052 1.0150008397121206
1.5978210111126092 0.6116142952973198
1.2783004907082436 0.849492136533383
0.518204336658283 0.5543137824982722
0.6752494546341964 1.2620287343828394
0.6852958836171672 1.0303936018618312
1.1638547984946905 0.15202603496625222
1.674745208813668 0.8695548585311758
0.5495707212729011 0.44757579602960296
0.756627251037566 1.0476113458751468
1.494610825319834 1.679568224126124
0.6382539286367979 0.9045125670466475
1.5206232501185495 0.2662306452827279
1.2317248969891488 1.7047252191968947
0.8811094361226179 0.5480506850114041
0.3530200626944948 0.719114107879346
1.5068921310121728 0.6157600164339506
0.9856969095216906 1.122850706980603
0.90331242439318 1.1184985857644567
0.994313474696235 0.9699772743816732
1.2297926145000218 1.2709349186807986
1.1443485035089473 1.3481968534233486
0.8229654724891114 1.4610753697090375
1.903037307650398 1.0742174634415536
0.9451683497367622 1.0856579949396765
0.729143423136132 0.7462478854967465
0.8022543470308625 0.5444947151893141
1.7141978996605807 1.264220786449986
0.8249963426999284 1.2512861850509556
0.24575974935568434 1.1569599527521497
0.8874845355084169 0.39397942099859296
0.816114315334719 0.8161115700660457
1.0544434240960827 1.4416865240921422
1.7357921403144156 1.0403252369017826
0.5246542201545152 1.236703968324092
1.7919122782470964 1.5904181409814582
1.342337904980906 1.093774265498599
0.7393908326654725 1.5561557243747082
1.1089392896683 0.3981337366219504
0.11302022804259781 1.4309069811734338
0.1599107043432898 1.2756899625601654
0.8537969033811391 0.8908666171448145
0.9681178855353568 1.1453109251006306
0.9229795143983923 0.6595611050910841
1.0250850960435884 1.3381559261361946
0.7532976922108199 0.6996186282062169
0.5765568083628234 1.5240778182830002
0.6933254105130505 0.9730320136319277
0.5920208060108302 1.2457306561671642
1.0055337835455036 0.1460237751194997
1.2632072194667636 1.5596128038503212
0.5040358701558451 1.2551857883930961
1.0805502285364188 0.9536620425627044
0.9354154467831829 1.0073386048789976
0.5058391158078974 1.2690367201030077
1.1121996209048497 1.2410307782645855
1.2494356579156782 0.8131049755650761
0.9014882810015898 0.4958695812665085
0.9378534073401711 1.6959880291248906
1.7916997496355545 1.1891686737488034
1.0405152133179267 1.3856374744672175
1.0716031352679554 1.5881926658778789
1.282362307489945 0.927428311154942
0.9903619093447372 0.8991836911601208
0.5119238621549921 0.37005060413619373
1.7147661263050096 0.8141069304262857
1.433101447581052 0.6477765274622227
0.17241591989066585 0.990158791868434
1.82399564409403 0.8361860359541076
1.051627782336256 1.5378417425381805
1.0948334744444375 0.49891554547923755
1.4512426693163425 1.5825924934891862
1.2783308505799462 0.7977763669569862
1.6437211434675412 0.3267900892505309
0.9873011763534737 0.6616070868021608
1.3167179675747862 1.7010411429187278
1.6338847673920376 0.998010013311105
0.0013414871168155873 1.0085896209190235
0.7776402105247487 0.3243603283122035
0.7417571914248987 0.8260149277559377
1.1154168810579115 0.6185482421461137
0.8344003193258007 1.0490839914257086
0.5785263452202931 0.3009738531849613
1.1805602692035961 0.5267399563516344
1.356100941738076 0.6744415953229772
0.7881088759027375 1.9131005263769818
0.9988884663757166 0.9871204637350297
1.0077383865250178 1.0600797428989999
0.9089968478836512 1.1179596235873006
1.132883731594588 0.8912026650736832
0.3226648851588547 1.0946798865690854
0.9316530568596206 1.8991611368087207
1.397644721367179 1.3195417180753934
0.49472800315145105 1.5432651387340175
1.008683234756879 1.0075856868359694
1.0004859757452045 1.0002796989462175
0.7393663257420127 1.1770925936582763
1.1305402660351818 0.8770683198923896
0.9488854791771708 0.9845205693995212
1.3334377899826502 1.624285040277757
1.0369454946986691 1.1304022838181682
0.9066377403548049 0.17969801345649716
0.7810743692825328 0.8059179950963467
1.1367603606608836 1.0279463654190304
1.018188472610702 1.1688432126157977
1.6857170445441119 0.2839096635801208
0.7624297992245257 1.07046755615708
1.6679471673160353 1.5638600696446148
1.0016065458441956 0.598097036107911
1.123078187969351 0.9018949573137705
1.0426646393618606 1.145657795345178
1.069219075021747 0.5266193685690848
1.7796602250537623 1.1979331156983573
1.0276774542169267 0.9992044680080371
0.8361460710411259 0.7760586675041534
0.712810533297364 0.7677324516086764
1.1023516135400222 0.9518500841898985
1.0196272072547818 0.9883426051982406
0.5019703244456675 0.7249435426059029
1.342166529561637 0.846591929792911
0.2810060716256886 1.4147857921190043
1.1034386993673115 1.8628932827996516
0.44694807395764147 0.7220760645299269
0.4547349289842545 1.6710873940269402
0.996529902087983 0.44180826947375895
1.237441607463609 1.1751314032756015
1.4974436957519308 0.39681980713797127
0.956582114774135 1.0535886902829905
1.2943617614924092 1.39357038255081
0.8534955406128811 1.0032111529532113
0.9690677645497627 1.367138700496962
1.5812063899915123 1.547762182061157
1.0375995486299303 1.2727278455177429
1.561862578514996 1.8183252051097916
1.396773855281746 0.734249736954585
1.355633440339806 0.3676156014566816
0.24938692913280947 0.5830407375100581
0.923930468703622 1.0151165982990342
0.38363703565202156 0.9770480811739869
1.2131466501849109 0.9124216002185471
1.67743244201138 0.9257331772427752
1.733498532513853 1.4023643193790067
0.7144726526658955 0.982222241896717
1.3729248143317667 0.9171584245991836
0.856482590029463 1.8538143993609961
0.8923546115159062 1.1398617961998363
0.24595212851948578 1.1683884057166363
1.025066214683906 1.9918238917638362
1.0601449516063097 0.830095513967927
1.9433120572071925 1.2412472919689193
1.4674633797725887 1.6443306235939532
0.8596496701038921 1.031510643899779
1.0306758255503576 0.8933201777217855
0.9027370739419914 0.7007993546883959
1.4319091458199131 1.0038598559621765
0.9673502727280302 0.9034244417979441
1.1748430952964453 0.8114615841952066
1.277553117314923 0.6025998591991079
0.4895740866231064 1.1733839565640998
0.4604977383033829 1.0939322323167016
1.0455161960748822 1.0959731175839633
1.2759631951708719 1.672765790679395
0.9672643228272368 0.9340831230866163
0.4387885191337204 1.6683443311251254
1.5017515611649923 0.7877252394009652
0.9036284505054375 0.831062671010079
1.7620216349098934 0.48495588185444916
0.6610228138606538 0.8381115329440605
1.4301985071889678 0.39821994761818513
1.0679464068075448 1.1694703822643162
1.285256770493422 0.16956062802598448
0.38392501484190034 1.39910252762143
1.0139906364339046 1.0084158450194904
1.7287322544547217 0.7628867085511258
1.494747672617904 0.9676460195782267
1.0141411352286414 0.3413597688835456
1.7527155095909608 1.056217252961875
1.8365615707670226 1.0392660034103853
1.117556836479595 0.07216144482547715
1.0480940346955616 1.0281937411909021
0.8233916348601806 1.2928212123963816
0.8843476168220316 0.8055640553460569
1.042651632416363 0.898832081780315
0.27841329523961844 0.8029841699482496
1.042395134811021 1.0516973252835375
0.8161979320635236 1.1419836922148874
1.5724899324307136 0.19759809490811642
1.0781395291072955 1.636977095511182
1.1744292270390793 1.6982669192210156
0.9148822122177612 0.8951467312303801
0.7632926062343762 0.797766321520392
1.0513552562950703 1.184299970711534
0.8148201936550321 1.202169462846299
1.2093929671324273 1.1309046772835705
1.6005142040650182 0.629043504260905
1.2345173128604272 0.943116142789974
0.7354651864938511 0.8661475583114174
1.5253459867284906 0.32804119988819624
0.8268766506068652 1.2404151821641254
0.84275636825871 0.2952769630107176
0.21720195402790987 0.6485284356626502
0.9739680751616456 1.141741116773456
1.2289572266040965 1.039126174012268
1.7183407197072003 1.6106232225321355
0.6157337227597238 0.45412714755337347
1.165674495100595 0.8833020715652633
0.3090542847136871 1.5410361366192689
0.3501546541802091 0.9858315447386867
1.3077399340227382 1.0985753783456564
1.0862132107899174 1.2523236419122357
1.079223937958996 1.8017146964318973
0.271814061288276 1.4037354173831866
0.16870126092960158 0.5077065714614574
1.058558250201669 0.8251443955453988
1.050452261036977 1.9319041633242708
1.0045767680463085 1.5587349426704304
1.5056334701645568 0.8883450835324804
0.5136585376126934 0.663413437882314
0.7565725709526918 1.0236598517833855
1.6968804125649322 1.107252797434285
0.9288781748592588 1.5667844630966496
0.6491198652852447 0.9545271210312346
0.9143446998850238 0.6695499120454522
0.5213755103112112 0.5532630769085861
1.1253024052042826 0.656796207859231
1.501785356502345 0.8763019958381968
0.5261641116229077 0.5898979293498935
0.9848591912653841 0.9630141705083287
1.2462419471824935 1.9054757376551685
0.40270933573877044 0.2974192014366136
1.8837309385552958 0.5479379313345394
0.7169690185034161 1.2780973906197743
1.0664949643790391 1.037951962153356
0.6322771694904622 1.0491654566821706
1.602793948388829 1.290309487789045
1.34683573797687 0.568988492008857
0.2357749975972513 0.8346280907373695
1.36864311393601 0.7941119918272318
1.5496127477399586 0.8927074230643879
0.563909392131684 0.6161673051643966
1.2392202089597175 1.1401247289916434
0.9671885892352954 1.0078778148343972
0.7251047248477813 0.933927963261485
0.6844007318621768 0.14950150498277814
0.8722869479449872 0.32535888710551575
0.3966335278808498 1.794037784578453
1.3755378923944481 1.7715796494416876
0.8819499815420287 1.3863592900635608
1.1442494596910464 1.0279294636654155
1.1121855220230423 1.4786115084287972
0.3334136073701506 0.5470511664572544
0.7640332500351777 0.7316310441365916
0.8543879207382905 0.9721818667480018
0.6659179010272744 0.733609645659322
0.7745666318233617 1.7716241447771006
1.041152884306696 0.4462550661052104
1.2120621560997438 1.0285115665123534
0.37413983992446365 1.1061095072001843
0.5611724155798367 0.20924570020022037
0.9683224957366279 0.9735321096854068
1.1850485667169126 0.1771239000102336
0.892062932453816 1.4251023108681289
0.4178074738026166 1.6403831724488878
1.3915077589577867 1.513418489050094
1.3734933409048247 0.6515399415722278
0.1880772667655366 0.9992302465208467
1.0487858650451345 1.3273694695223364
1.5028489469082764 1.3708069076387353
1.1948811638689725 1.71456213506741
0.5797181579223937 1.087942742251234
1.6201233389473837 0.5348827797484328
0.6219785411136949 1.1155017862178105
1.114258930353032 1.0097875101546359
0.8499174018540657 1.4168701846403864
1.0412269559768497 1.249739678603858
0.8459071462686444 0.9245748536971069
0.9681698663411271 0.925476398702517
0.6870700281593536 0.10452808084416398
0.6856004785019488 1.2002129878756658
0.9957610492746004 0.9960803864304352
1.1419828876426459 0.9269555141562237
1.525000380890583 0.45283165052336094
1.7140740618314108 1.1298409748260168
1.8260840267700236 0.8328515371045451
0.6357704014088295 1.1361133568350532
1.6364386076335085 0.6594755500898752
0.9254884864118302 1.0148507897214667
1.5293265184146951 1.4790250211985005
0.39066464679781365 0.439551011926253
1.0855282530506432 0.627878385321226
1.5465883512530758 1.4472469870574376
1.4543104763486048 0.32481647570874117
1.701605293848882 0.5414569368071245
0.4154741238651165 0.9959974119137063
1.0447034123152823 0.9892320749438286
0.6903566681945071 0.1588838655778123
0.4865908530598253 0.9724678504437286
0.8817506846205595 0.8165059303450577
0.6604416552972848 0.7569348482348873
1.1049295486051574 1.0609565709473745
0.8426644145474494 1.1765116705570466
0.9660871863629764 0.5220746045696739
1.7382350131142261 1.2616439978566887
0.8755939812444239 1.1400543282779279
1.225777486635251 0.1714003686102099
0.8712874963521513 1.1196035915519884
0.5580016775946275 1.0717900212965836
0.8760568127228794 1.0057699456705902
1.0139621825788923 1.42050175230882
1.0450367773606493 1.9407187405225894
1.346018214231413 1.2673707541610653
0.07007038661865339 0.8129333640292654
1.3142871602930997 1.41709135644675
1.5013687139596876 0.5966503636091395
1.5380248360841395 1.818248310555126
1.0183675249662705 1.286927895663218
1.002785752248962 0.999114067628297
1.2265512601589066 1.0177190532002092
0.9937492412199377 1.004046651743983
1.5000800290859273 0.7845028797767674
1.1803064706682833 0.36369651184789586
1.4148970832292356 1.1870911093934124
0.9112905234835355 1.7639882722540607
0.23240973839881385 0.8562079294173698
1.3328295973921511 1.247935033871793
0.5243903050346679 0.690620211707656
1.1686906795833671 1.5180598966655525
1.6620318453752545 0.9667908722436117
1.1090145170815204 0.39310231144064456
1.6058021549957777 1.5149193687298816
1.4044371623535024 0.8269696421155281
0.9633183419329687 0.8868938973379215
0.47259249874597664 0.8500562464765955
0.7494725860379214 1.589270172109921
0.8826754225372282 0.44017439800128655
0.5414207065331089 0.6959871498111396
1.2078116910599295 1.005959142218155
0.3909509614697054 1.3923223676974799
1.382171912831311 1.3222789032799984
0.4972857591374147 0.946074161477411
1.0894726075182235 1.058593073335514
1.2118957262253542 0.6926238988368714
0.46242446359897815 0.6989386536677809
0.2807170123545766 0.4679567800560257
1.000682952516811 0.9106813579986233
1.279060721977223 1.0383717684291243
0.6845093909702346 0.8729502670551749
1.6629936526395295 0.8245310335335361
0.9449539152626578 0.9442373113834349
0.4121786084256154 0.5712222299321299
1.0901449757327548 1.2140415199441934
0.9369534209212473 1.3578704476825805
0.4241315032808749 0.27795636809247715
1.0173560790857434 0.9017096878914231
1.0383115608875095 1.2879975691219527
0.3998133047285656 1.0961787284273734
0.990933018272691 1.590272876113901
0.9908498639716771 1.0197383451538031
1.7003524491438031 1.3097944785554652
0.8118859413587713 0.6766219889478688
0.9278263198191545 0.2498471961542994
0.9808098047808227 0.9663552386114987
0.476511484411569 1.095791809674514
1.0644840135935523 1.0064067206989677
0.9510116772259918 0.9705501154144442
0.7273381625641713 1.010018276863995
1.122570646193059 0.732977133415671
0.0853943476652621 1.2119693172595967
1.6192799315478812 0.9001188741048717
0.9752844859902156 1.7516027022241145
1.0490945153343323 1.7389273619411991
0.876137378608757 1.2360552460844612
0.5164269912322992 0.5807154106522874
0.1663939362268385 0.7371265338752135
1.0145187124835364 1.0656439569786573
1.1712903947253848 1.2355800336763318
0.9658817028886747 0.977501811428932
1.70710114245424 1.5301372475833688
1.6185315591155591 0.5457301141665274
0.19962601639917887 1.132924237358441
0.31694908285878765 0.8645166112443021
1.0498547400682614 1.064443842644937
0.9960500956234326 0.9180084373895046
0.6110377259396065 1.0068243413044855
0.6716403421314856 0.3421046473248083
1.3959125570064552 1.217211967897467
1.3766359907848145 0.5408907874168993
0.8740288685195625 0.7610180152653526
1.5497428494593377 0.6464972200759487
0.8341875061585359 1.8064606168120274
0.6076783452863503 0.5294735860771556
1.4125583837291027 0.9349960347689995
0.5649311401954397 0.9849848016860678
1.3633455153811247 1.4635361036011583
1.8879486768825076 1.3980533087960705
1.6602709241457023 0.8361050291499945
0.930071591884469 0.49061716796319843
1.1636205877605907 1.4252306663041492
0.334402046559794 1.3148915192280617
0.9975267396637751 1.4109834442400477
1.016120525654747 0.7750779158888345
1.0283262340136905 0.5309051669859001
0.9414691758113041 0.9361777124668711
1.4837999263752601 0.14529189628851047
1.032560449257365 0.9845700430941496
0.980566982648206 1.010871306597642
1.5336898838211233 0.5003832073760113
1.0245433664164063 0.9795906181618852
1.296227871416803 0.9103090397370324
0.6567101882227386 0.6227391184957036
0.6413574328419203 1.5979404748389006
0.5517671297726268 0.7526116358428598
0.4733753842943328 0.3688589687610774
1.7348486673898758 0.7815561095127638
0.4327590011003949 1.397045919216664
1.9324801008409622 1.1780897630096583
0.9853383060966421 1.055999287149658
0.997698747971889 0.8933785556168611
0.5463325984393368 0.9991625123927864
1.3471385896860246 1.8337479945394293
1.0592066640395292 1.1341298718563255
1.4299306447989655 0.9424830373913453
0.9585535383511296 0.9764951566646786
0.7652842160793021 1.5358683305391112
1.1864613668008657 0.413899378429624
1.0015547373614757 0.9180723604513775
1.0490931004871293 1.0322202535442555
0.3827929241029018 1.2971008080807966
0.9946757517091522 0.9163927534010347
0.14316861797119806 0.6710846618688913
0.5289525631368868 0.8674625102197653
1.6497072819538663 0.5682825672347442
0.48662157062525924 0.9941903312839153
0.15795780401569848 0.5589650272984503
0.14021931877463978 1.17473798404549
0.9320139417850433 1.0814473087436753
1.0538321486939528 0.9167402004121901
1.1641583414970342 1.5198135242854272
0.5308709332447359 0.4260477313768415
1.2982111597708432 0.9561890629813995
1.0902182573404706 1.0723222086393305
0.6901109775943045 1.2307060640944598
1.0886318143445335 0.9248033414799776
1.4278215111899306 1.4269158792008085
1.0215014198032015 0.7027762112078895
0.9562822917982142 0.7307174554094825
0.9979614322151129 1.001691576289392
1.3126194205459047 1.0373806412822035
0.8622322041147088 0.9948092685593256
0.32125290619008806 1.49636371721509
0.9340874500224492 1.8771302457394266
0.7197046355278617 0.5199462050230097
0.9952588400118564 0.966531347672426
0.9346255707158162 1.1314806600605827
1.8057621624224018 1.550909922584748
1.1230696194769711 1.562960162320711
0.6902280998156409 1.5425836905435144
0.9977757761103785 1.1008883665067886
1.0058383011779417 0.98487426069248
0.7539351600605697 1.0340872011753346
0.6590899919652493 1.1870355146545788
1.130342752885508 0.9979376532434564
1.1821970450987784 1.050903259849473
0.14753109846990242 1.48761877941081
0.9741349789289496 1.0441641985095573
1.1799210598887595 1.6107534675628252
1.242830535102097 1.7196074298827229
0.6735040970263033 0.9213207403082785
1.12971380741035 1.179542690661174
0.9128713577759896 1.3816549525364403
0.21065310111844915 0.8649830677220355
0.8978366178865198 0.8079742286965976
0.9072708895773569 1.0299359264104448
1.0749819179358553 1.2687910164670746
1.1689243715474928 1.0841408106056634
0.8052813195197164 0.5433051841905063
0.2600264165741445 1.5389811687857218
1.370884654812186 0.6974414483809468
0.9581358106649169 0.6664672880712119
0.808641002637225 0.7421478401865449
1.3640067227881365 1.1587945160034145
1.3744795538048087 0.6742069197097882
1.0286149665006983 0.6803813043256446
0.9088859908235873 1.401111459661798
1.2484770700057164 1.2748550839699988
0.8699659266507753 1.6641547920621074
1.8027468983131332 0.5343758382770523
1.2728870614914314 1.8702447791548096
1.6641206204550936 1.598923208719018
0.7795763298706645 0.33939964787343446
0.5764854651712237 1.351591567458915
1.5911527116251643 0.7022490774074706
1.0099877260791614 0.9619944652782983
0.08038292118999135 1.2139247699253768
0.4957731893077708 1.2193762570077329
1.0352964443668042 1.8586733746446835
1.0798873436075236 1.8119367202368801
1.162675909221225 1.119602329534997
0.7457572661572882 1.1187790948950085
1.3682414444456603 0.4941375497486733
0.7408403539094206 1.0314109280695047
0.3865459512562198 0.43755524402259593
1.0972796932176798 1.8892542500479257
0.6855713022427781 0.8451842085528244
1.5341304645762535 0.7184860578627403
1.8930746007195978 0.9004329537156884
0.6672724314377205 0.6408074566251323
1.0625274650815997 1.041667348015543
1.339696467646033 1.189061201397872
1.0674502744736132 0.26335792595622265
1.160318812959229 0.3101396565578378
0.9723165600427659 1.0260231122408856
1.407484041125076 0.8647467343833612
0.211145687804156 1.4316453803057803
1.1980630455020596 1.0316765722110917
1.583974183050194 0.35788784879390545
0.9145158831817259 1.113485638580111
0.7221703552161891 0.814110237602684
1.2140668791229254 0.5580080690697302
1.8200565396006816 0.882088936080455
1.2036234579858185 0.2584430031529842
0.3715279345268242 1.4068505903865662
0.2315096635009556 1.2707066167329504
0.8727266726862599 1.2799526278597524
1.853865077222551 0.993291385251198
0.976398620043663 0.958973325393516
1.0605570572117897 0.3255555122562849
0.9190901523724153 0.9290865874986053
1.3669679822770173 1.1898369101181459
1.8284450214328865 0.5680473395599345
0.5401443901186234 0.5475985084586749
1.021503418672403 1.3029771935340098
0.8648851529826453 0.7590256815016333
0.33332872741722985 1.5586165081765515
0.6178628505954492 0.08998906685227359
1.365749618546565 1.3289575692281466
1.527441494931268 1.224348250259452
1.67459530390212 1.564406043607538
1.043634602817404 1.1280257801566937
0.6628616115026258 1.0074259975248976
0.6699491485947535 1.5123728601818267
1.2149658383370239 0.8998521305702633
0.4392625646625028 1.1575505837631828
1.0997798659432367 0.9318518964535902
0.18800465134333288 1.0670130168109253
1.7753997080705455 0.6601023855664192
1.0398948091066813 0.9792395718854195
0.9998453820847493 1.0011443251771714
1.000552619833065 1.8008285081982283
0.7217979981657642 0.40657599287023605
1.2516522528642098 0.9968674233728115
1.2123264292702896 1.057902164073858
0.8489051846181166 1.7846885310434846
0.7304642462766557 1.8464137243476526
0.3402766931222354 0.7595636728524029
0.9783032265920285 1.5226975633770516
0.35373258640055727 1.3870200335416527
1.1888112376459095 0.1274740442370622
1.1759974295822149 0.6287768455733826
0.9200625627070547 1.2029416958751769
0.230302753496073 0.8913970539779413
0.20365811192087946 0.6431837294702638
1.3904044772008757 0.697577470392203
0.9627501766901589 1.435939105604048
0.625411273975482 1.0643182656813621
1.9498026273075724 0.8768417107327957
0.6452537473077705 1.7971965977767717
0.9795489394349806 1.6135895064947268
0.5881633437148381 1.417710938551236
1.388418322303285 1.1079615669258507
0.18581317665581643 0.6800773053744102
0.7408871256473815 0.11197067213304579
0.9531254658562365 1.9869987481377722
1.0430721825846518 1.5166428253166773
1.0868204474616912 1.2457541097303253
1.306937571331162 1.8523967421911698
0.9927458283706048 1.4588287925713685
0.7540152498939346 1.900609261197818
0.9818902976871613 1.0410139915697245
1.1601314557080447 0.6604655509645694
1.3656213477037888 0.3901338716333147
1.2551986215520146 1.4357153482972866
1.012121440914954 0.8396155677064616
0.9208470861466613 1.1117728720585893
0.6564130300031288 0.24376915655395315
1.0645089829981351 1.2409699234210625
0.9034872464277104 0.45170224322967956
0.7365142476203486 0.7947728265367543
1.3390262547807916 1.4197401555898606
1.2394335576811235 0.9557493833584332
1.5580342339103583 1.0867489138743376
1.2617014721115425 1.6221840480836458
0.492219974406383 1.7914311175126563
1.3616772395406191 1.5592351049728053
1.4058069418012362 0.3362992186872543
1.2585528960759058 1.561547173482257
0.5471659887174588 1.1767267182266627
1.6280684953220206 1.1744134428785307
0.7347794513560256 0.9075822012712349
0.9919801502283604 0.9534034060284742
0.7105037846292754 0.21889128524430734
0.34700971131611535 0.39886644341795063
0.9672317023841246 0.9866334403931226
1.0638636963885517 1.8526921817401742
0.9979468174790398 1.0003639400681241
0.21744666291534986 0.6507199703458668
1.388325865333868 1.6163899976126643
0.984354970037705 1.368970925027419
0.8551731731515493 0.01939691490513684
1.077754375760117 0.9616189715563626
0.21624199396097799 0.863124632637253
1.0030155532335514 1.2617300935732776
1.8460827289636428 0.9087022908193492
1.2710347357375897 1.250468093475119
0.6547599346143167 0.4398207962516427
0.7644571890484927 0.9841817030505333
0.1674073208495629 0.45325263918896075
1.0240642502056425 1.7175748061580298
0.19386005927785188 1.5907054546599166
1.4691664991032607 0.9879104589986288
